laurenalvarez@Laurens-MacBook-Pro lying % python3 sk.py
Processing adultscensusincome:   0%|                                                                                                    | 0/9 [00:00<?, ?it/s]
-adultscensusincome-recall+

   1    5_race( (  -*---------            |                        ), 0.200,  0.210,  0.220,  0.250,  0.300
   2    3_race( (  ----*-----             |                        ), 0.210,  0.210,  0.240,  0.270,  0.290
   2    4_race( (    --*------            |                        ), 0.210,  0.230,  0.240,  0.240,  0.300
   3    2_race( (       *-----            |                        ), 0.240,  0.250,  0.250,  0.290,  0.300
   4    0_race( (        *-----           |                        ), 0.220,  0.260,  0.260,  0.270,  0.310
   5    1_race( (                         |               --*----- ), 0.500,  0.520,  0.540,  0.550,  0.590

-adultscensusincome-prec+

   1    4_race( (           -----*--------|-                       ), 0.140,  0.140,  0.150,  0.160,  0.170
   1    5_race( (           -----*--------|-------                 ), 0.130,  0.140,  0.150,  0.160,  0.180
   2    2_race( (                ------*--|------------            ), 0.140,  0.150,  0.160,  0.170,  0.190
   3    3_race( (           -----------*--|-------                 ), 0.130,  0.140,  0.160,  0.170,  0.180
   4    0_race( (                      ---|-*--------------------- ), 0.140,  0.160,  0.170,  0.180,  0.210
   5    1_race( (                         | ------*----            ), 0.160,  0.170,  0.180,  0.180,  0.190

-adultscensusincome-acc+

   1    1_race( (       *---              |                        ), 0.510,  0.520,  0.520,  0.530,  0.540
   2    3_race( (                         |                *--     ), 0.660,  0.670,  0.670,  0.680,  0.680
   2    4_race( (                         |                *--     ), 0.650,  0.670,  0.670,  0.670,  0.680
   2    5_race( (                         |              --*--     ), 0.660,  0.660,  0.670,  0.680,  0.680
   3    0_race( (                         |                ---*--- ), 0.660,  0.670,  0.680,  0.690,  0.700
   3    2_race( (                         |              -----*--- ), 0.660,  0.660,  0.680,  0.680,  0.700

-adultscensusincome-F1+

   1    5_race( (       ---*------------- |                        ), 0.160,  0.170,  0.180,  0.190,  0.220
   2    3_race( (       -------*--------- |                        ), 0.160,  0.170,  0.190,  0.210,  0.220
   2    4_race( (       -------*------    |                        ), 0.170,  0.170,  0.190,  0.190,  0.210
   3    2_race( (          -------*-------|--                      ), 0.180,  0.180,  0.200,  0.210,  0.230
   4    0_race( (                 ----*---|---------               ), 0.170,  0.200,  0.210,  0.210,  0.250
   5    1_race( (                         |             ---*------ ), 0.240,  0.260,  0.270,  0.270,  0.290

-adultscensusincome-AOD-

   1    5_race( (*---                     |                        ), -0.520,  -0.520,  -0.520,  -0.500,  -0.480
   2    0_race( (  *-                     |                        ), -0.520,  -0.500,  -0.500,  -0.480,  -0.480
   2    2_race( (  *-                     |                        ), -0.510,  -0.500,  -0.500,  -0.480,  -0.480
   2    3_race( (--*-                     |                        ), -0.520,  -0.520,  -0.500,  -0.490,  -0.480
   3    4_race( ( -*-                     |                        ), -0.520,  -0.510,  -0.500,  -0.500,  -0.480
   4    1_race( (                         |                    *-- ), -0.020,  0.000,  0.000,  0.030,  0.040

-adultscensusincome-EOD-

   1    5_race( (  *-----                 |                        ), -0.550,  -0.530,  -0.530,  -0.490,  -0.450
   2    4_race( (   *---                  |                        ), -0.530,  -0.520,  -0.510,  -0.500,  -0.460
   3    2_race( (   -*----                |                        ), -0.510,  -0.510,  -0.500,  -0.470,  -0.440
   3    3_race( (   -*--                  |                        ), -0.540,  -0.510,  -0.500,  -0.480,  -0.460
   4    0_race( (    --*---               |                        ), -0.540,  -0.500,  -0.480,  -0.470,  -0.430
   5    1_race( (                         |                  --*-- ), -0.010,  0.010,  0.030,  0.050,  0.080

-adultscensusincome-SPD-

   1    0_race( (-*                       |                        ), -0.510,  -0.510,  -0.500,  -0.490,  -0.490
   1    2_race( ( *-                      |                        ), -0.510,  -0.500,  -0.500,  -0.490,  -0.480
   1    3_race( ( *-                      |                        ), -0.510,  -0.500,  -0.500,  -0.500,  -0.480
   1    4_race( ( *-                      |                        ), -0.510,  -0.500,  -0.500,  -0.490,  -0.480
   2    5_race( (-*                       |                        ), -0.510,  -0.510,  -0.500,  -0.500,  -0.490
   3    1_race( (                         |                    -*- ), -0.030,  -0.020,  -0.010,  0.000,  0.020

-adultscensusincome-FA0-

   1    1_race( (   -*-------             |                        ), -0.010,  0.010,  0.020,  0.040,  0.140
   2    2_race( (                         |                     *  ), 0.660,  0.660,  0.670,  0.680,  0.680
   2    3_race( (                         |                     *- ), 0.660,  0.670,  0.670,  0.680,  0.700
   2    4_race( (                         |                     *- ), 0.650,  0.670,  0.670,  0.680,  0.690
   2    0_race( (                         |                     -* ), 0.660,  0.660,  0.680,  0.680,  0.690
   2    5_race( (                         |                     -* ), 0.660,  0.660,  0.680,  0.680,  0.690

-adultscensusincome-FA1-

   1    1_race( (      -*--------         |                        ), 0.420,  0.460,  0.470,  0.490,  0.540
   2    0_race( (                         |               *----    ), 0.730,  0.740,  0.740,  0.770,  0.780
   2    2_race( (                         |                *----   ), 0.700,  0.750,  0.750,  0.760,  0.790
   3    3_race( (                         |               --*---   ), 0.730,  0.740,  0.760,  0.790,  0.790
   3    4_race( (                         |                 -*---- ), 0.740,  0.760,  0.770,  0.780,  0.810
   3    5_race( (                         |                 ---*-  ), 0.710,  0.760,  0.780,  0.790,  0.800

-adultscensusincome-DI-

   1    0_race( ( --*--                   |                        ), 0.240,  0.240,  0.250,  0.260,  0.270
   1    2_race( ( --*-                    |                        ), 0.240,  0.240,  0.250,  0.260,  0.260
   1    3_race( (   *--                   |                        ), 0.240,  0.250,  0.250,  0.250,  0.270
   1    5_race( (   *--                   |                        ), 0.250,  0.250,  0.250,  0.250,  0.270
   2    4_race( (   --*                   |                        ), 0.250,  0.250,  0.260,  0.270,  0.270
   3    1_race( (                         |                 -*---- ), 0.480,  0.480,  0.490,  0.500,  0.520
Processing bankmarketing:   0%|                                                                                                         | 0/9 [00:00<?, ?it/s]
-bankmarketing-recall+

   1     0_Age( (   *                     |                        ), 0.240,  0.250,  0.250,  0.250,  0.260
   1     2_Age( (   *                     |                        ), 0.240,  0.250,  0.250,  0.250,  0.260
   1     3_Age( (   *--                   |                        ), 0.230,  0.250,  0.250,  0.260,  0.270
   1     4_Age( ( --*                     |                        ), 0.240,  0.240,  0.250,  0.250,  0.260
   2     5_Age( (   *                     |                        ), 0.230,  0.250,  0.250,  0.260,  0.260
   3     1_Age( (                         |                 *----- ), 0.480,  0.500,  0.500,  0.510,  0.540

-bankmarketing-prec+

   1     4_Age( (                *--------|----------------------- ), 0.450,  0.450,  0.450,  0.470,  0.510
   1     0_Age( (                ------*--|-------                 ), 0.440,  0.450,  0.460,  0.470,  0.480
   2     2_Age( (                ------*--|----------------------- ), 0.450,  0.450,  0.460,  0.470,  0.510
   2     3_Age( (                      *--|------------            ), 0.440,  0.460,  0.460,  0.470,  0.490
   2     1_Age( (                         | *----------------      ), 0.450,  0.470,  0.470,  0.480,  0.500
   2     5_Age( (                ---------|-*-----                 ), 0.430,  0.450,  0.470,  0.480,  0.480

-bankmarketing-acc+

   1     1_Age( (                   ------|---*                    ), 0.500,  0.500,  0.510,  0.510,  0.510
   2     0_Age( (                         |             *--------- ), 0.510,  0.520,  0.520,  0.520,  0.530
   2     2_Age( (                         |   ----------*--------- ), 0.510,  0.510,  0.520,  0.520,  0.530
   3     3_Age( (                         |             *--------- ), 0.510,  0.520,  0.520,  0.530,  0.530
   3     4_Age( (                         |   ----------*--------- ), 0.510,  0.510,  0.520,  0.520,  0.530
   3     5_Age( (                         |   ----------*--------- ), 0.500,  0.510,  0.520,  0.520,  0.530

-bankmarketing-F1+

   1     0_Age( (    *----                |                        ), 0.320,  0.320,  0.320,  0.330,  0.340
   1     2_Age( (    *----                |                        ), 0.310,  0.320,  0.320,  0.330,  0.340
   1     3_Age( (    *------              |                        ), 0.300,  0.320,  0.320,  0.330,  0.350
   1     4_Age( (  --*----                |                        ), 0.310,  0.310,  0.320,  0.330,  0.340
   2     5_Age( (    ---*-                |                        ), 0.300,  0.320,  0.330,  0.330,  0.340
   3     1_Age( (                         |                ---*--- ), 0.460,  0.480,  0.490,  0.490,  0.510

-bankmarketing-AOD-

   1     5_Age( (     -*----              |                        ), -0.560,  -0.530,  -0.520,  -0.490,  -0.460
   1     0_Age( (     --*-----            |                        ), -0.550,  -0.530,  -0.510,  -0.480,  -0.430
   2     4_Age( (      --*-----           |                        ), -0.550,  -0.520,  -0.490,  -0.460,  -0.420
   3     2_Age( (       --*---            |                        ), -0.560,  -0.500,  -0.480,  -0.460,  -0.430
   4     3_Age( (     ----*-              |                        ), -0.550,  -0.530,  -0.480,  -0.480,  -0.460
   5     1_Age( (                         |                    -*- ), -0.020,  -0.010,  0.000,  0.020,  0.030

-bankmarketing-EOD-

   1     0_Age( (      *------            |                        ), -0.590,  -0.530,  -0.530,  -0.500,  -0.430
   2     4_Age( (      -*-                |                        ), -0.560,  -0.530,  -0.510,  -0.500,  -0.480
   2     3_Age( (    ----*------          |                        ), -0.570,  -0.550,  -0.500,  -0.450,  -0.390
   3     2_Age( (        -*--------       |                        ), -0.520,  -0.500,  -0.490,  -0.450,  -0.360
   4     5_Age( (       --*-              |                        ), -0.530,  -0.510,  -0.490,  -0.460,  -0.450
   5     1_Age( (                         |                -*----- ), -0.050,  -0.010,  0.000,  0.070,  0.100

-bankmarketing-SPD-

   1     0_Age( (   --*----               |                        ), -0.560,  -0.540,  -0.520,  -0.480,  -0.450
   2     5_Age( (     --*--               |                        ), -0.540,  -0.520,  -0.500,  -0.490,  -0.460
   2     2_Age( (     --*------           |                        ), -0.540,  -0.520,  -0.490,  -0.460,  -0.400
   2     3_Age( (      -*--               |                        ), -0.550,  -0.510,  -0.490,  -0.480,  -0.460
   3     4_Age( (     --*--               |                        ), -0.530,  -0.520,  -0.490,  -0.480,  -0.460
   4     1_Age( (                         |                   -*-- ), -0.030,  -0.010,  0.000,  0.030,  0.050

-bankmarketing-FA0-

   1     1_Age( (     --*------           |                        ), -0.100,  -0.010,  0.020,  0.040,  0.140
   2     2_Age( (                         |                     *  ), 0.640,  0.660,  0.660,  0.680,  0.680
   2     3_Age( (                         |                     *- ), 0.660,  0.660,  0.660,  0.680,  0.690
   2     4_Age( (                         |                     -* ), 0.650,  0.660,  0.670,  0.680,  0.700
   3     5_Age( (                         |                      * ), 0.650,  0.670,  0.670,  0.680,  0.690
   4     0_Age( (                         |                      * ), 0.650,  0.670,  0.680,  0.690,  0.690

-bankmarketing-FA1-

   1     1_Age( (    --*----              |                        ), 0.490,  0.490,  0.500,  0.500,  0.530
   2     0_Age( (                         |                    *-  ), 0.740,  0.750,  0.750,  0.760,  0.760
   2     2_Age( (                         |                    *-- ), 0.740,  0.750,  0.750,  0.760,  0.770
   2     3_Age( (                         |                   -*-- ), 0.740,  0.740,  0.750,  0.760,  0.770
   2     4_Age( (                         |                    *-  ), 0.740,  0.750,  0.750,  0.760,  0.760
   2     5_Age( (                         |                    *-- ), 0.740,  0.750,  0.750,  0.760,  0.770

-bankmarketing-DI-

   1     0_Age( (        ---*----------   |                        ), 0.160,  0.210,  0.230,  0.250,  0.330
   2     3_Age( (        -----*-----------|                        ), 0.180,  0.210,  0.250,  0.290,  0.360
   3     4_Age( (         ----*--         |                        ), 0.190,  0.220,  0.250,  0.250,  0.280
   4     2_Age( (             -*----------|--                      ), 0.240,  0.250,  0.260,  0.300,  0.390
   4     5_Age( (             -*------    |                        ), 0.230,  0.250,  0.260,  0.280,  0.320
   5     1_Age( (                         |             ----*----- ), 0.440,  0.490,  0.520,  0.570,  0.580
Processing compas:  22%|███████████████████████                                                                                 | 2/9 [00:00<00:00, 11.99it/s]
-compas-recall+

   1    3_race( (    *-                   |                        ), 0.210,  0.240,  0.240,  0.250,  0.250
   2    0_race( (      *---               |                        ), 0.240,  0.250,  0.250,  0.270,  0.280
   3    2_race( (    --*---               |                        ), 0.230,  0.240,  0.250,  0.260,  0.280
   3    4_race( (   ---*---               |                        ), 0.220,  0.230,  0.250,  0.260,  0.280
   4    5_race( (       *----             |                        ), 0.250,  0.260,  0.260,  0.270,  0.290
   5    1_race( (                         |     ---*-------------- ), 0.390,  0.420,  0.440,  0.500,  0.540

-compas-prec+

   1    1_race( (                ---*-----|---------------         ), 0.470,  0.470,  0.480,  0.510,  0.560
   2    0_race( (                        -|-*-------------------   ), 0.450,  0.500,  0.510,  0.530,  0.580
   2    3_race( (                ---------|-*-----                 ), 0.420,  0.470,  0.510,  0.520,  0.530
   2    4_race( (                      ---|-*--------------------- ), 0.460,  0.490,  0.510,  0.540,  0.590
   3    2_race( (                         | ------*-------         ), 0.480,  0.510,  0.530,  0.540,  0.560
   4    5_race( (                         |    ------*-------      ), 0.500,  0.520,  0.540,  0.550,  0.570

-compas-acc+

   1    1_race( (                  ----*--|----------------------- ), 0.450,  0.470,  0.480,  0.500,  0.540
   1    3_race( (                      ---|-*--------              ), 0.450,  0.480,  0.490,  0.490,  0.510
   2    4_race( (                      ---|-*------------          ), 0.470,  0.480,  0.490,  0.510,  0.520
   3    2_race( (                         |     *--------          ), 0.480,  0.500,  0.500,  0.510,  0.520
   4    0_race( (                         | ---------*---          ), 0.480,  0.490,  0.510,  0.510,  0.520
   4    5_race( (                         | ---------*---          ), 0.480,  0.490,  0.510,  0.520,  0.520

-compas-F1+

   1    3_race( (       --*-              |                        ), 0.290,  0.320,  0.330,  0.340,  0.340
   2    0_race( (         --*------       |                        ), 0.310,  0.330,  0.340,  0.360,  0.380
   3    4_race( (     ------*------       |                        ), 0.300,  0.310,  0.340,  0.350,  0.380
   4    2_race( (         ---*---         |                        ), 0.320,  0.330,  0.350,  0.350,  0.370
   5    5_race( (            *-----       |                        ), 0.330,  0.350,  0.350,  0.360,  0.380
   6    1_race( (                         |     ----*------------- ), 0.430,  0.450,  0.470,  0.480,  0.550

-compas-AOD-

   1    0_race( ( *                       |                        ), -0.510,  -0.500,  -0.500,  -0.500,  -0.500
   1    2_race( ( *-                      |                        ), -0.500,  -0.500,  -0.500,  -0.480,  -0.480
   1    3_race( ( *-                      |                        ), -0.510,  -0.500,  -0.500,  -0.500,  -0.480
   1    5_race( ( *                       |                        ), -0.520,  -0.500,  -0.500,  -0.500,  -0.500
   2    4_race( ( -*                      |                        ), -0.510,  -0.500,  -0.490,  -0.490,  -0.480
   3    1_race( (                         |           ---*-------- ), -0.140,  -0.110,  -0.080,  -0.020,  0.020

-compas-EOD-

   1    0_race( (   *---                  |                        ), -0.540,  -0.510,  -0.500,  -0.490,  -0.460
   1    3_race( (   *                     |                        ), -0.540,  -0.500,  -0.500,  -0.500,  -0.490
   1    4_race( (   *--                   |                        ), -0.520,  -0.510,  -0.500,  -0.490,  -0.470
   1    5_race( (   *---                  |                        ), -0.540,  -0.510,  -0.500,  -0.500,  -0.450
   2    2_race( (   -*                    |                        ), -0.520,  -0.500,  -0.490,  -0.480,  -0.480
   3    1_race( (                         |      -----*----------- ), -0.160,  -0.140,  -0.080,  0.010,  0.080

-compas-SPD-

   1    0_race( (*                        |                        ), -0.510,  -0.510,  -0.510,  -0.500,  -0.500
   2    2_race( ( *                       |                        ), -0.510,  -0.500,  -0.500,  -0.490,  -0.490
   2    3_race( ( *                       |                        ), -0.510,  -0.500,  -0.500,  -0.490,  -0.490
   2    4_race( ( *                       |                        ), -0.510,  -0.500,  -0.500,  -0.490,  -0.490
   3    5_race( (-*                       |                        ), -0.520,  -0.510,  -0.500,  -0.500,  -0.500
   4    1_race( (                         |           ---*-------- ), -0.130,  -0.110,  -0.080,  -0.010,  0.020

-compas-FA0-

   1    1_race( (     ----------*---------|                        ), -0.050,  0.030,  0.170,  0.220,  0.320
   2    0_race( (                         |                      * ), 0.660,  0.660,  0.660,  0.670,  0.670
   3    2_race( (                         |                       *), 0.660,  0.670,  0.670,  0.670,  0.670
   3    3_race( (                         |                       *), 0.660,  0.670,  0.670,  0.670,  0.670
   3    4_race( (                         |                       *), 0.660,  0.670,  0.670,  0.670,  0.680
   3    5_race( (                         |                      -*), 0.660,  0.660,  0.670,  0.670,  0.670

-compas-FA1-

   1    1_race( (         ------*---------|                        ), 0.480,  0.520,  0.560,  0.600,  0.630
   2    5_race( (                         |              --*       ), 0.710,  0.730,  0.740,  0.750,  0.750
   3    0_race( (                         |                -*----- ), 0.720,  0.740,  0.750,  0.760,  0.790
   4    2_race( (                         |                -*--    ), 0.740,  0.740,  0.750,  0.760,  0.770
   4    4_race( (                         |                -*----- ), 0.730,  0.740,  0.750,  0.770,  0.790
   5    3_race( (                         |                   *--- ), 0.750,  0.760,  0.760,  0.770,  0.790

-compas-DI-

   1    0_race( (    -*------             |                        ), 0.220,  0.230,  0.240,  0.240,  0.290
   1    5_race( ( ----*------             |                        ), 0.200,  0.210,  0.240,  0.250,  0.290
   2    4_race( (     -*----              |                        ), 0.230,  0.240,  0.250,  0.270,  0.280
   2    2_race( (      --*--              |                        ), 0.210,  0.250,  0.260,  0.280,  0.280
   3    3_race( (      --*---             |                        ), 0.240,  0.250,  0.260,  0.270,  0.290
   4    1_race( (                         |          -*----------- ), 0.440,  0.460,  0.470,  0.510,  0.560
Processing communities:  22%|██████████████████████                                                                             | 2/9 [00:00<00:00, 11.99it/s]
-communities-recall+

   1 5_Racepctwhite( (--------*----------      |                        ), 0.000,  0.000,  0.170,  0.200,  0.400
   2 2_Racepctwhite( (---------*---------      |                        ), 0.000,  0.000,  0.200,  0.250,  0.400
   2 4_Racepctwhite( (        -*-------------- |                        ), 0.000,  0.170,  0.200,  0.250,  0.500
   3 3_Racepctwhite( (        --------*------- |                        ), 0.000,  0.170,  0.330,  0.400,  0.500
   4 0_Racepctwhite( (         ---------------*|-------                 ), 0.170,  0.200,  0.500,  0.500,  0.670
   5 1_Racepctwhite( (                         |   ----*--------------- ), 0.500,  0.600,  0.670,  0.750,  1.000

-communities-prec+

   1 2_Racepctwhite( (--------------*----------|----------------------- ), 0.000,  0.000,  0.200,  0.330,  0.670
   1 5_Racepctwhite( (--------------*----------|---                     ), 0.000,  0.000,  0.200,  0.250,  0.400
   2 3_Racepctwhite( (              ----*------|----------------------- ), 0.000,  0.200,  0.250,  0.500,  0.670
   2 4_Racepctwhite( (            ------*------|-----------             ), 0.000,  0.170,  0.250,  0.330,  0.500
   3 1_Racepctwhite( (                  -------|--*---------------      ), 0.140,  0.250,  0.380,  0.440,  0.600
   4 0_Racepctwhite( (                        -|---*------------------- ), 0.250,  0.330,  0.400,  0.500,  0.670

-communities-acc+

   1 1_Racepctwhite( (               ----*-----|----------------        ), 0.400,  0.500,  0.530,  0.620,  0.730
   2 2_Racepctwhite( (                   ----*-|-------------           ), 0.470,  0.530,  0.570,  0.640,  0.710
   3 5_Racepctwhite( (                   ----*-|----------------------- ), 0.460,  0.530,  0.570,  0.710,  0.800
   3 4_Racepctwhite( (                       --|-*-----------           ), 0.470,  0.570,  0.600,  0.640,  0.710
   4 3_Racepctwhite( (                       --|-----*----------------- ), 0.530,  0.570,  0.640,  0.710,  0.800
   5 0_Racepctwhite( (                         |   ----------*------    ), 0.530,  0.620,  0.710,  0.760,  0.770

-communities-F1+

   1 5_Racepctwhite( (--------------*----------|---                     ), 0.000,  0.000,  0.200,  0.220,  0.400
   2 2_Racepctwhite( (----------------*--------|-----------             ), 0.000,  0.000,  0.220,  0.250,  0.500
   2 4_Racepctwhite( (              ----*------|------                  ), 0.000,  0.200,  0.250,  0.250,  0.440
   3 3_Racepctwhite( (              ----------*|-----------             ), 0.000,  0.200,  0.330,  0.440,  0.500
   4 0_Racepctwhite( (                  -------|------*---------------- ), 0.220,  0.250,  0.440,  0.500,  0.670
   5 1_Racepctwhite( (                        -|---------*------------- ), 0.250,  0.330,  0.470,  0.550,  0.670

-communities-AOD-

   1 2_Racepctwhite( (    -*----------         |                        ), -0.710,  -0.650,  -0.620,  -0.490,  -0.380
   1 5_Racepctwhite( (   --*-----              |                        ), -0.720,  -0.680,  -0.620,  -0.580,  -0.480
   2 3_Racepctwhite( (       --*---------------|---                     ), -0.640,  -0.580,  -0.540,  -0.500,  -0.080
   2 0_Racepctwhite( (       --*---------------|---                     ), -0.590,  -0.570,  -0.520,  -0.420,  -0.080
   3 4_Racepctwhite( (        --*--------------|                        ), -0.620,  -0.550,  -0.500,  -0.360,  -0.160
   4 1_Racepctwhite( (                         |-*--------------------- ), -0.210,  -0.160,  -0.120,  -0.070,  0.400

-communities-EOD-

   1 2_Racepctwhite( (         ----*----       |                        ), -0.780,  -0.690,  -0.550,  -0.500,  -0.380
   1 3_Racepctwhite( (          ---*---------  |                        ), -0.670,  -0.640,  -0.550,  -0.400,  -0.220
   1 4_Racepctwhite( (            -*----       |                        ), -0.820,  -0.580,  -0.550,  -0.500,  -0.400
   1 5_Racepctwhite( (             *---        |                        ), -0.670,  -0.570,  -0.550,  -0.550,  -0.440
   2 0_Racepctwhite( (                  -*--   |                        ), -0.660,  -0.400,  -0.360,  -0.280,  -0.250
   3 1_Racepctwhite( (                         |    -----*------------- ), -0.170,  0.000,  0.170,  0.250,  0.640

-communities-SPD-

   1 2_Racepctwhite( (      *--                |                        ), -0.580,  -0.530,  -0.530,  -0.510,  -0.470
   1 3_Racepctwhite( (      *-                 |                        ), -0.550,  -0.530,  -0.530,  -0.510,  -0.490
   1 0_Racepctwhite( (      *-                 |                        ), -0.580,  -0.530,  -0.520,  -0.510,  -0.480
   1 5_Racepctwhite( (      *--                |                        ), -0.570,  -0.530,  -0.520,  -0.490,  -0.470
   2 4_Racepctwhite( (      -*------           |                        ), -0.530,  -0.530,  -0.500,  -0.490,  -0.380
   3 1_Racepctwhite( (                         |     ----*------------- ), -0.190,  -0.050,  0.030,  0.030,  0.300

-communities-FA0-

   1 1_Racepctwhite( (                     ----*-------                 ), -0.170,  -0.050,  0.080,  0.250,  0.350
   2 0_Racepctwhite( (                         |                 -*-    ), 0.650,  0.670,  0.690,  0.710,  0.770
   2 3_Racepctwhite( (                         |                 -*---- ), 0.630,  0.650,  0.690,  0.710,  0.850
   2 5_Racepctwhite( (                         |                 -*---- ), 0.650,  0.670,  0.690,  0.850,  0.870
   2 2_Racepctwhite( (                         |                 --*-   ), 0.630,  0.660,  0.710,  0.710,  0.780
   2 4_Racepctwhite( (                         |                 --*-   ), 0.620,  0.650,  0.710,  0.720,  0.780

-communities-FA1-

   1 1_Racepctwhite( (                ---*-----|-------                 ), 0.200,  0.330,  0.400,  0.500,  0.670
   2 0_Racepctwhite( (                        -|-------*--------------- ), 0.500,  0.500,  0.670,  0.800,  1.000
   2 3_Racepctwhite( (                         |   ----*--------------- ), 0.500,  0.600,  0.670,  1.000,  1.000
   3 2_Racepctwhite( (                         |           ----*------- ), 0.670,  0.750,  0.830,  1.000,  1.000
   3 4_Racepctwhite( (                         |           ----*------- ), 0.600,  0.750,  0.830,  1.000,  1.000
   4 5_Racepctwhite( (                         |               --------*), 0.750,  0.830,  1.000,  1.000,  1.000

-communities-DI-

   1 3_Racepctwhite( (          -----*---------|---                     ), 0.100,  0.140,  0.200,  0.330,  0.380
   1 4_Racepctwhite( (             --*---------|--------                ), 0.120,  0.170,  0.200,  0.220,  0.440
   1 2_Racepctwhite( (             ----*-------|-------------           ), 0.100,  0.170,  0.220,  0.270,  0.500
   1 0_Racepctwhite( (          ---------*-----|-------                 ), 0.120,  0.140,  0.250,  0.330,  0.430
   2 5_Racepctwhite( (                   ----*-|-----------------       ), 0.170,  0.250,  0.300,  0.430,  0.560
   3 1_Racepctwhite( (                         |             ----*----- ), 0.290,  0.500,  0.560,  0.570,  0.640
Processing defaultcredit:  44%|███████████████████████████████████████████                                                      | 4/9 [00:00<00:00, 10.79it/s]
-defaultcredit-recall+

   1     2_SEX( (    *----                |                        ), 0.230,  0.250,  0.250,  0.260,  0.280
   1     3_SEX( (    *----                |                        ), 0.240,  0.250,  0.250,  0.260,  0.280
   1     4_SEX( (   -*---                 |                        ), 0.230,  0.240,  0.250,  0.260,  0.270
   1     5_SEX( (    *---                 |                        ), 0.240,  0.250,  0.250,  0.260,  0.270
   2     0_SEX( (    --*-                 |                        ), 0.240,  0.250,  0.260,  0.260,  0.270
   3     1_SEX( (                         |                    --* ), 0.480,  0.500,  0.510,  0.520,  0.520

-defaultcredit-prec+

   1     0_SEX( (                   *-----|----------------------- ), 0.200,  0.210,  0.210,  0.220,  0.240
   1     1_SEX( (                   *-----|---                     ), 0.200,  0.210,  0.210,  0.210,  0.220
   1     2_SEX( (         ----------*-----|-------------           ), 0.200,  0.200,  0.210,  0.220,  0.230
   1     3_SEX( (         ----------*-----|-------------           ), 0.200,  0.200,  0.210,  0.220,  0.230
   1     4_SEX( (         ----------*-----|---                     ), 0.190,  0.200,  0.210,  0.210,  0.220
   1     5_SEX( (                   *-----|---                     ), 0.210,  0.210,  0.210,  0.210,  0.220

-defaultcredit-acc+

   1     1_SEX( (  *-----                 |                        ), 0.490,  0.500,  0.500,  0.500,  0.520
   2     4_SEX( (                         |                  *--   ), 0.640,  0.640,  0.640,  0.650,  0.650
   3     0_SEX( (                         |                  ---*  ), 0.640,  0.640,  0.650,  0.650,  0.650
   4     2_SEX( (                         |                     *- ), 0.640,  0.650,  0.650,  0.650,  0.660
   4     3_SEX( (                         |                     *- ), 0.640,  0.650,  0.650,  0.650,  0.660
   4     5_SEX( (                         |                     *- ), 0.650,  0.650,  0.650,  0.650,  0.660

-defaultcredit-F1+

   1     0_SEX( (             *--------   |                        ), 0.220,  0.230,  0.230,  0.230,  0.250
   1     2_SEX( (         ----*--------   |                        ), 0.210,  0.220,  0.230,  0.240,  0.250
   1     3_SEX( (         ----*--------   |                        ), 0.220,  0.220,  0.230,  0.240,  0.250
   1     4_SEX( (         ----*----       |                        ), 0.210,  0.220,  0.230,  0.240,  0.240
   2     5_SEX( (             *----       |                        ), 0.220,  0.230,  0.230,  0.230,  0.240
   3     1_SEX( (                         |              -----*--- ), 0.280,  0.290,  0.300,  0.300,  0.310

-defaultcredit-AOD-

   1     0_SEX( (*                        |                        ), -0.500,  -0.500,  -0.500,  -0.500,  -0.490
   1     2_SEX( (*-                       |                        ), -0.500,  -0.500,  -0.500,  -0.480,  -0.480
   1     3_SEX( (*-                       |                        ), -0.500,  -0.500,  -0.500,  -0.500,  -0.480
   1     4_SEX( (*                        |                        ), -0.510,  -0.500,  -0.500,  -0.500,  -0.490
   2     5_SEX( (*-                       |                        ), -0.500,  -0.500,  -0.500,  -0.490,  -0.480
   3     1_SEX( (                         |                      * ), -0.020,  -0.000,  0.000,  0.000,  0.020

-defaultcredit-EOD-

   1     4_SEX( ( *---                    |                        ), -0.520,  -0.510,  -0.510,  -0.500,  -0.470
   2     3_SEX( (  *----                  |                        ), -0.520,  -0.500,  -0.500,  -0.490,  -0.440
   3     0_SEX( (---*-                    |                        ), -0.520,  -0.520,  -0.490,  -0.480,  -0.470
   3     2_SEX( (  -*-                    |                        ), -0.510,  -0.500,  -0.490,  -0.470,  -0.470
   4     5_SEX( (  -*--                   |                        ), -0.510,  -0.500,  -0.490,  -0.480,  -0.460
   5     1_SEX( (                         |                   -*-- ), -0.030,  -0.010,  -0.000,  0.010,  0.040

-defaultcredit-SPD-

   1     0_SEX( (*                        |                        ), -0.500,  -0.500,  -0.500,  -0.500,  -0.500
   1     2_SEX( (*                        |                        ), -0.500,  -0.500,  -0.500,  -0.500,  -0.490
   1     3_SEX( (*                        |                        ), -0.500,  -0.500,  -0.500,  -0.500,  -0.500
   1     4_SEX( (*                        |                        ), -0.500,  -0.500,  -0.500,  -0.500,  -0.500
   2     5_SEX( (*                        |                        ), -0.500,  -0.500,  -0.500,  -0.500,  -0.490
   3     1_SEX( (                         |                    *-- ), -0.020,  -0.010,  -0.010,  0.000,  0.030

-defaultcredit-FA0-

   1     1_SEX( (   -*-                   |                        ), -0.010,  -0.000,  0.010,  0.030,  0.040
   2     0_SEX( (                         |                       *), 0.660,  0.670,  0.670,  0.670,  0.670
   2     2_SEX( (                         |                       *), 0.660,  0.670,  0.670,  0.670,  0.680
   2     3_SEX( (                         |                      -*), 0.660,  0.660,  0.670,  0.670,  0.670
   2     4_SEX( (                         |                      -*), 0.660,  0.660,  0.670,  0.670,  0.670
   2     5_SEX( (                         |                       *), 0.670,  0.670,  0.670,  0.670,  0.670

-defaultcredit-FA1-

   1     1_SEX( ( *------                 |                        ), 0.480,  0.490,  0.490,  0.510,  0.530
   2     0_SEX( (                         |                 -*---  ), 0.740,  0.740,  0.750,  0.760,  0.770
   2     2_SEX( (                         |                 -*---  ), 0.740,  0.740,  0.750,  0.760,  0.770
   2     3_SEX( (                         |                 -*---  ), 0.730,  0.740,  0.750,  0.760,  0.770
   2     5_SEX( (                         |                 -*-    ), 0.740,  0.740,  0.750,  0.750,  0.760
   3     4_SEX( (                         |                  --*-- ), 0.730,  0.750,  0.760,  0.760,  0.780

-defaultcredit-DI-

   1     0_SEX( (   -*---                 |                        ), 0.240,  0.240,  0.250,  0.260,  0.270
   1     3_SEX( (   -*----                |                        ), 0.240,  0.240,  0.250,  0.260,  0.280
   1     4_SEX( (    *---                 |                        ), 0.230,  0.250,  0.250,  0.260,  0.270
   2     2_SEX( (   ---*--                |                        ), 0.230,  0.240,  0.260,  0.270,  0.280
   3     5_SEX( (    --*--                |                        ), 0.240,  0.250,  0.260,  0.270,  0.280
   4     1_SEX( (                         |                 *----- ), 0.470,  0.490,  0.490,  0.510,  0.530
Processing diabetes:  44%|█████████████████████████████████████████████▎                                                        | 4/9 [00:00<00:00, 10.79it/s]
-diabetes-recall+

   1     2_Age( (            ---*---------|--                      ), 0.110,  0.200,  0.240,  0.320,  0.390
   1     3_Age( (            ---*---------|----                    ), 0.180,  0.210,  0.240,  0.270,  0.410
   1     4_Age( (            ---*------   |                        ), 0.170,  0.210,  0.240,  0.290,  0.320
   2     0_Age( (              ---*-------|-----                   ), 0.200,  0.230,  0.260,  0.300,  0.420
   2     5_Age( (              ---*-------|                        ), 0.160,  0.230,  0.260,  0.290,  0.360
   3     1_Age( (                         |     *----------------- ), 0.380,  0.420,  0.430,  0.470,  0.640

-diabetes-prec+

   1     3_Age( (                     ----|*---------------------- ), 0.330,  0.400,  0.460,  0.690,  0.750
   1     4_Age( (                  -------|*--------------         ), 0.330,  0.360,  0.460,  0.500,  0.650
   1     1_Age( (                       --|-*-----------           ), 0.420,  0.430,  0.480,  0.590,  0.620
   1     0_Age( (                        -|---*----------          ), 0.310,  0.440,  0.500,  0.560,  0.640
   1     2_Age( (                        -|---*---------           ), 0.360,  0.440,  0.500,  0.550,  0.620
   1     5_Age( (                       --|---*---------------     ), 0.400,  0.430,  0.500,  0.620,  0.700

-diabetes-acc+

   1     3_Age( (                         |  *---------------      ), 0.450,  0.470,  0.470,  0.540,  0.600
   1     4_Age( (                         |--*-------------        ), 0.380,  0.450,  0.470,  0.510,  0.580
   1     2_Age( (                        -|----*------------------ ), 0.330,  0.440,  0.490,  0.570,  0.640
   1     1_Age( (                         |  ----*-----------      ), 0.430,  0.470,  0.500,  0.510,  0.600
   2     0_Age( (                         |  -----*---------       ), 0.460,  0.470,  0.510,  0.550,  0.590
   3     5_Age( (                         |    -------*-           ), 0.350,  0.490,  0.540,  0.550,  0.560

-diabetes-F1+

   1     4_Age( (                 ---*----|-----                   ), 0.220,  0.270,  0.310,  0.360,  0.430
   1     3_Age( (                  ---*---|--------------          ), 0.240,  0.280,  0.320,  0.360,  0.530
   1     2_Age( (                 -----*--|------                  ), 0.170,  0.270,  0.330,  0.380,  0.440
   2     0_Age( (                      -*-|------------            ), 0.240,  0.330,  0.340,  0.370,  0.500
   2     5_Age( (                     ---*|--------                ), 0.230,  0.320,  0.350,  0.390,  0.460
   3     1_Age( (                         |    --*---------------- ), 0.400,  0.420,  0.440,  0.520,  0.630

-diabetes-AOD-

   1     0_Age( (  --*                    |                        ), -0.540,  -0.520,  -0.500,  -0.500,  -0.480
   1     5_Age( (   -*-                   |                        ), -0.520,  -0.510,  -0.500,  -0.490,  -0.470
   2     2_Age( (  ---*-----------        |                        ), -0.540,  -0.520,  -0.480,  -0.470,  -0.340
   2     3_Age( (     *---                |                        ), -0.510,  -0.480,  -0.480,  -0.460,  -0.430
   3     4_Age( (    --*---               |                        ), -0.520,  -0.490,  -0.470,  -0.460,  -0.420
   4     1_Age( (                         |               --*----- ), -0.060,  -0.040,  -0.020,  0.050,  0.060

-diabetes-EOD-

   1     2_Age( (        -*------------   |                        ), -0.580,  -0.550,  -0.530,  -0.490,  -0.330
   1     3_Age( (        ---*--------     |                        ), -0.570,  -0.560,  -0.510,  -0.430,  -0.360
   1     4_Age( (         --*--           |                        ), -0.570,  -0.540,  -0.510,  -0.480,  -0.450
   2     5_Age( (            *---         |                        ), -0.570,  -0.490,  -0.490,  -0.470,  -0.430
   3     0_Age( (           -*--------    |                        ), -0.580,  -0.500,  -0.480,  -0.450,  -0.340
   4     1_Age( (                         |         -----*-------- ), -0.150,  -0.120,  -0.030,  0.000,  0.120

-diabetes-SPD-

   1     2_Age( ( -*-------               |                        ), -0.530,  -0.520,  -0.510,  -0.480,  -0.420
   1     0_Age( (  -*--                   |                        ), -0.510,  -0.510,  -0.500,  -0.490,  -0.470
   1     5_Age( (  -*-                    |                        ), -0.530,  -0.510,  -0.500,  -0.490,  -0.480
   2     3_Age( (   --*-                  |                        ), -0.520,  -0.500,  -0.480,  -0.460,  -0.450
   3     4_Age( (    -*                   |                        ), -0.500,  -0.490,  -0.480,  -0.470,  -0.460
   4     1_Age( (                         |                --*---- ), -0.090,  -0.050,  -0.020,  0.030,  0.040

-diabetes-FA0-

   1     1_Age( (  --------*----          |                        ), -0.080,  -0.040,  0.090,  0.140,  0.170
   2     4_Age( (                         |               --*-     ), 0.620,  0.620,  0.650,  0.660,  0.700
   3     5_Age( (                         |                -*----- ), 0.610,  0.640,  0.650,  0.670,  0.760
   3     0_Age( (                         |                -*--    ), 0.620,  0.640,  0.660,  0.690,  0.710
   3     3_Age( (                         |               --*--    ), 0.600,  0.620,  0.660,  0.690,  0.710
   4     2_Age( (                         |                  -*--- ), 0.580,  0.680,  0.690,  0.740,  0.770

-diabetes-FA1-

   1     1_Age( (                  *------|                        ), 0.510,  0.570,  0.570,  0.580,  0.660
   2     0_Age( (                         |     -*-----------      ), 0.690,  0.720,  0.740,  0.790,  0.880
   2     3_Age( (                         |      --*--------       ), 0.590,  0.740,  0.760,  0.800,  0.870
   2     5_Age( (                         |     ----*-------       ), 0.680,  0.720,  0.770,  0.770,  0.860
   2     4_Age( (                         |        --*-----        ), 0.700,  0.760,  0.780,  0.800,  0.850
   3     2_Age( (                         |        ---*----------- ), 0.670,  0.760,  0.800,  0.850,  0.940

-diabetes-DI-

   1     4_Age( (       -*--------        |                        ), 0.200,  0.220,  0.230,  0.270,  0.320
   2     0_Age( (         -*-----         |                        ), 0.230,  0.240,  0.250,  0.280,  0.310
   2     3_Age( (        --*-----         |                        ), 0.210,  0.230,  0.250,  0.280,  0.310
   3     2_Age( (          -*-------      |                        ), 0.180,  0.250,  0.260,  0.310,  0.340
   3     5_Age( (          -*-            |                        ), 0.200,  0.250,  0.260,  0.280,  0.280
   4     1_Age( (                         |        ---*----------- ), 0.420,  0.480,  0.510,  0.540,  0.630
Processing germancredit:  67%|█████████████████████████████████████████████████████████████████▎                                | 6/9 [00:00<00:00,  6.48it/s]
-germancredit-recall+

   1     0_sex( (                    ----*|-------------------     ), 0.160,  0.220,  0.240,  0.260,  0.370
   1     5_sex( (                   -----*|---------               ), 0.140,  0.210,  0.240,  0.260,  0.310
   2     1_sex( (                      ---*----------------------- ), 0.170,  0.230,  0.250,  0.320,  0.400
   2     2_sex( (                      ---*-------------------     ), 0.220,  0.230,  0.250,  0.260,  0.370
   2     3_sex( (                 --------*--------------          ), 0.150,  0.200,  0.250,  0.260,  0.340
   2     4_sex( (                   ------|-*-----                 ), 0.170,  0.210,  0.260,  0.270,  0.300

-germancredit-prec+

   1     5_sex( (                      ---|---*------------------  ), 0.530,  0.560,  0.650,  0.770,  0.900
   1     0_sex( (                       --|----*-----------        ), 0.550,  0.570,  0.670,  0.820,  0.820
   1     3_sex( (                         |  --*--                 ), 0.460,  0.640,  0.670,  0.690,  0.710
   2     4_sex( (                         |    -*----------------- ), 0.600,  0.670,  0.680,  0.750,  0.920
   2     2_sex( (                         |    -----*------------- ), 0.620,  0.670,  0.730,  0.740,  0.920
   2     1_sex( (                         |    ------*--------     ), 0.560,  0.670,  0.750,  0.850,  0.860

-germancredit-acc+

   1     3_sex( (                   ---*--|------                  ), 0.340,  0.380,  0.400,  0.420,  0.460
   1     5_sex( (                    --*--|------                  ), 0.340,  0.390,  0.400,  0.440,  0.460
   2     4_sex( (                      ---*-----------             ), 0.370,  0.400,  0.420,  0.440,  0.490
   2     0_sex( (                 --------|-*-----------------     ), 0.330,  0.370,  0.430,  0.470,  0.540
   3     1_sex( (                 --------|---*------------------- ), 0.350,  0.370,  0.440,  0.500,  0.570
   3     2_sex( (                      ---|---*-------             ), 0.380,  0.400,  0.440,  0.460,  0.490

-germancredit-F1+

   1     0_sex( (                      ---|*-------------------    ), 0.250,  0.320,  0.350,  0.380,  0.510
   1     1_sex( (                       --|-*--------------------- ), 0.250,  0.330,  0.360,  0.470,  0.540
   1     2_sex( (                        -|--*--------------       ), 0.340,  0.340,  0.370,  0.380,  0.490
   1     3_sex( (                     ----|--*---------            ), 0.230,  0.310,  0.370,  0.370,  0.450
   1     4_sex( (                      ---|--*-----                ), 0.280,  0.320,  0.370,  0.400,  0.420
   1     5_sex( (                       --|--*-----                ), 0.220,  0.330,  0.370,  0.390,  0.420

-germancredit-AOD-

   1     2_sex( (                     *---|-------------           ), -0.540,  -0.520,  -0.520,  -0.490,  -0.470
   1     4_sex( (              ----------*|---------               ), -0.550,  -0.540,  -0.510,  -0.490,  -0.480
   1     0_sex( (                     ----|--*-------------        ), -0.530,  -0.520,  -0.500,  -0.500,  -0.460
   1     1_sex( (              -----------|--*-------------------- ), -0.550,  -0.540,  -0.500,  -0.480,  -0.440
   1     5_sex( (                     ----|--*-------------------- ), -0.560,  -0.520,  -0.500,  -0.480,  -0.440
   2     3_sex( (                         |  -------*------        ), -0.510,  -0.500,  -0.480,  -0.480,  -0.460

-germancredit-EOD-

   1     3_sex( (                 ----*---|-------------           ), -0.570,  -0.540,  -0.520,  -0.500,  -0.430
   1     1_sex( (               --------*-|---------------------   ), -0.590,  -0.550,  -0.510,  -0.420,  -0.390
   1     0_sex( (               ----------*---------------         ), -0.580,  -0.550,  -0.500,  -0.470,  -0.420
   2     5_sex( (                     ----*-------                 ), -0.600,  -0.520,  -0.500,  -0.490,  -0.460
   3     4_sex( (                       --|-*-----                 ), -0.570,  -0.510,  -0.490,  -0.460,  -0.460
   4     2_sex( (                         |---*------------------- ), -0.500,  -0.500,  -0.480,  -0.460,  -0.380

-germancredit-SPD-

   1     4_sex( (                        -|--*----------           ), -0.540,  -0.520,  -0.510,  -0.490,  -0.480
   1     5_sex( (                     ----|--*-------------        ), -0.540,  -0.530,  -0.510,  -0.490,  -0.470
   1     0_sex( (                        -|------*------           ), -0.530,  -0.520,  -0.500,  -0.500,  -0.480
   2     1_sex( (                         |  ----*---------        ), -0.540,  -0.510,  -0.500,  -0.490,  -0.470
   2     2_sex( (                         |  ----*---------------- ), -0.530,  -0.510,  -0.500,  -0.480,  -0.450
   2     3_sex( (                         |      *---------------- ), -0.530,  -0.500,  -0.500,  -0.490,  -0.450

-germancredit-FA0-

   1     3_sex( (                 --*-----|-----                   ), 0.650,  0.660,  0.670,  0.720,  0.730
   1     1_sex( (               ------*---|----------------------- ), 0.630,  0.650,  0.680,  0.720,  0.820
   1     2_sex( (             --------*---|-----                   ), 0.610,  0.640,  0.680,  0.710,  0.730
   2     0_sex( (                   ------*-----------------       ), 0.630,  0.670,  0.700,  0.720,  0.790
   2     5_sex( (                   ------*---------------         ), 0.610,  0.670,  0.700,  0.730,  0.780
   2     4_sex( (                     ----|-*-----------           ), 0.640,  0.680,  0.710,  0.710,  0.770

-germancredit-FA1-

   1     3_sex( (                      --*|---------------         ), 0.740,  0.740,  0.750,  0.840,  0.860
   2     1_sex( (                   ------*-----------------       ), 0.640,  0.720,  0.760,  0.790,  0.870
   2     2_sex( (                      ---*----                    ), 0.670,  0.740,  0.760,  0.770,  0.790
   2     4_sex( (                      ---*-----------             ), 0.710,  0.740,  0.760,  0.810,  0.830
   3     5_sex( (                      ---|-*--------------------- ), 0.730,  0.740,  0.770,  0.840,  0.910
   3     0_sex( (                         |---*---------------     ), 0.710,  0.760,  0.780,  0.790,  0.880

-germancredit-DI-

   1     1_sex( (            ----*--------|-------                 ), 0.210,  0.230,  0.240,  0.260,  0.280
   2     4_sex( (                    *----|----------------------- ), 0.240,  0.250,  0.250,  0.270,  0.320
   2     0_sex( (            ------------*|-----------             ), 0.230,  0.230,  0.260,  0.260,  0.290
   2     3_sex( (                --------*|-----------             ), 0.220,  0.240,  0.260,  0.270,  0.290
   3     2_sex( (                    -----|---*-----------         ), 0.240,  0.250,  0.270,  0.280,  0.300
   3     5_sex( (                    -----|---*-------             ), 0.240,  0.250,  0.270,  0.280,  0.290
Processing heart:  78%|█████████████████████████████████████████████████████████████████████████████████▋                       | 7/9 [00:01<00:00,  4.07it/s]
-heart-recall+

   1     2_Age( (              --*--------|-------                 ), 0.090,  0.220,  0.250,  0.320,  0.500
   1     3_Age( (       ----------*-------|-------                 ), 0.000,  0.110,  0.260,  0.310,  0.500
   1     5_Age( (             ------*-----|                        ), 0.090,  0.200,  0.300,  0.380,  0.400
   1     4_Age( (             -------*----|-------                 ), 0.180,  0.200,  0.310,  0.370,  0.500
   2     0_Age( (                 ----*---|-                       ), 0.100,  0.270,  0.330,  0.330,  0.420
   3     1_Age( (                         |   ----*--------------- ), 0.380,  0.440,  0.500,  0.630,  0.750

-heart-prec+

   1     5_Age( (                         |*----------------       ), 0.170,  0.360,  0.380,  0.600,  0.620
   1     2_Age( (                       --|----*----------------   ), 0.170,  0.330,  0.430,  0.600,  0.670
   1     4_Age( (                         |----*----------------   ), 0.290,  0.380,  0.430,  0.500,  0.670
   1     1_Age( (                         |----*-----              ), 0.360,  0.380,  0.440,  0.470,  0.520
   1     3_Age( (           --------------|-----*----------------- ), 0.000,  0.170,  0.450,  0.600,  0.710
   1     0_Age( (                         |---------*----          ), 0.200,  0.380,  0.500,  0.560,  0.570

-heart-acc+

   1     1_Age( (                  ---*---|------                  ), 0.430,  0.470,  0.500,  0.560,  0.610
   1     3_Age( (                     ---*|----------------------- ), 0.410,  0.500,  0.530,  0.560,  0.770
   2     0_Age( (                       --|--*--------             ), 0.520,  0.520,  0.570,  0.640,  0.650
   2     5_Age( (                       --|----*-------------      ), 0.470,  0.520,  0.590,  0.620,  0.720
   2     2_Age( (                       --|-----*--------          ), 0.410,  0.520,  0.600,  0.670,  0.680
   2     4_Age( (                         |--------*-----          ), 0.470,  0.550,  0.620,  0.630,  0.680

-heart-F1+

   1     2_Age( (                     ----*--------------------    ), 0.120,  0.250,  0.300,  0.420,  0.550
   1     3_Age( (          ---------------|-*--------------------- ), 0.000,  0.120,  0.330,  0.410,  0.590
   1     5_Age( (                      ---|--*-----------          ), 0.120,  0.260,  0.340,  0.470,  0.480
   1     4_Age( (                      ---|----*-----------        ), 0.220,  0.260,  0.360,  0.420,  0.500
   2     0_Age( (                         |-------*------          ), 0.130,  0.310,  0.400,  0.420,  0.480
   3     1_Age( (                         |            *---------  ), 0.370,  0.450,  0.460,  0.500,  0.570

-heart-AOD-

   1     0_Age( (  --*--------            |                        ), -0.570,  -0.550,  -0.510,  -0.480,  -0.390
   1     5_Age( (    *----------          |                        ), -0.550,  -0.520,  -0.510,  -0.460,  -0.360
   1     3_Age( (    -*----               |                        ), -0.550,  -0.520,  -0.500,  -0.480,  -0.430
   2     4_Age( (    -*------             |                        ), -0.550,  -0.510,  -0.500,  -0.440,  -0.400
   3     2_Age( (     -*-----             |                        ), -0.500,  -0.500,  -0.480,  -0.480,  -0.400
   4     1_Age( (                         |  ---*----------------- ), -0.240,  -0.160,  -0.120,  0.020,  0.150

-heart-EOD-

   1     3_Age( (          -*-------------|--                      ), -0.740,  -0.600,  -0.570,  -0.420,  -0.210
   2     0_Age( (              --*------- |                        ), -0.580,  -0.510,  -0.470,  -0.390,  -0.300
   2     5_Age( (             ---*------  |                        ), -0.550,  -0.540,  -0.460,  -0.370,  -0.320
   2     4_Age( (                -*------ |                        ), -0.580,  -0.460,  -0.450,  -0.400,  -0.300
   2     2_Age( (               --*-------|                        ), -0.610,  -0.480,  -0.440,  -0.350,  -0.240
   3     1_Age( (                         |    -*----------------- ), -0.200,  -0.160,  -0.130,  0.080,  0.270

-heart-SPD-

   1     0_Age( (  *                      |                        ), -0.500,  -0.500,  -0.500,  -0.500,  -0.490
   1     2_Age( (  *----                  |                        ), -0.510,  -0.500,  -0.500,  -0.470,  -0.430
   1     3_Age( ( -*                      |                        ), -0.510,  -0.510,  -0.500,  -0.500,  -0.490
   1     4_Age( (  *-                     |                        ), -0.510,  -0.500,  -0.500,  -0.490,  -0.470
   1     5_Age( (  *-                     |                        ), -0.510,  -0.500,  -0.500,  -0.500,  -0.470
   2     1_Age( (                         |   --------*----------- ), -0.250,  -0.140,  -0.040,  0.000,  0.130

-heart-FA0-

   1     1_Age( (             --*---------|--                      ), -0.220,  0.060,  0.110,  0.340,  0.380
   2     0_Age( (                         |              --*--     ), 0.610,  0.630,  0.670,  0.690,  0.750
   2     2_Age( (                         |               -*-      ), 0.630,  0.650,  0.670,  0.690,  0.720
   2     3_Age( (                         |               -*----   ), 0.620,  0.650,  0.670,  0.690,  0.790
   2     5_Age( (                         |               -*------ ), 0.640,  0.660,  0.670,  0.710,  0.840
   2     4_Age( (                         |               -*----   ), 0.620,  0.650,  0.690,  0.710,  0.790

-heart-FA1-

   1     1_Age( (              ----*----- |                        ), 0.270,  0.470,  0.530,  0.560,  0.620
   2     0_Age( (                         | --*--------------      ), 0.640,  0.670,  0.690,  0.790,  0.920
   3     2_Age( (                         |     ---*----------     ), 0.540,  0.730,  0.770,  0.810,  0.930
   3     4_Age( (                         |   ------*---------     ), 0.620,  0.690,  0.780,  0.810,  0.930
   3     5_Age( (                         | --------*---------     ), 0.620,  0.670,  0.790,  0.880,  0.940
   4     3_Age( (                         |     -----*------------ ), 0.540,  0.730,  0.800,  0.910,  1.000

-heart-DI-

   1     3_Age( (       ---------*--------|-                       ), 0.150,  0.170,  0.250,  0.300,  0.350
   2     0_Age( (              ----*------|                        ), 0.190,  0.230,  0.270,  0.320,  0.330
   3     2_Age( (           -----------*--|---------------         ), 0.200,  0.200,  0.300,  0.300,  0.470
   3     4_Age( (               -------*--|---                     ), 0.170,  0.240,  0.300,  0.350,  0.370
   3     5_Age( (                ------*--|-------                 ), 0.240,  0.250,  0.300,  0.330,  0.400
   4     1_Age( (                         |       ---*------------ ), 0.250,  0.400,  0.430,  0.470,  0.550
Processing studentperformance:  89%|█████████████████████████████████████████████████████████████████████████████████▊          | 8/9 [00:01<00:00,  3.41it/s]
-studentperformance-recall+

   1     5_sex( (        ---*------       |                        ), 0.180,  0.200,  0.220,  0.240,  0.290
   2     2_sex( (            --*----------|                        ), 0.180,  0.230,  0.250,  0.280,  0.360
   2     4_sex( (              *------    |                        ), 0.200,  0.250,  0.250,  0.270,  0.310
   3     0_sex( (            ------*------|-                       ), 0.190,  0.230,  0.290,  0.330,  0.370
   3     3_sex( (           -------*------|                        ), 0.200,  0.220,  0.290,  0.310,  0.350
   4     1_sex( (                         |                *------ ), 0.450,  0.500,  0.500,  0.540,  0.570

-studentperformance-prec+

   1     2_sex( (               *---------|--                      ), 0.360,  0.390,  0.390,  0.440,  0.530
   1     3_sex( (             ---*--------|                        ), 0.330,  0.370,  0.410,  0.440,  0.500
   1     4_sex( (              --*--------|------                  ), 0.350,  0.380,  0.410,  0.420,  0.570
   1     5_sex( (           -----*----    |                        ), 0.320,  0.350,  0.410,  0.440,  0.460
   1     1_sex( (               --*---    |                        ), 0.340,  0.390,  0.420,  0.440,  0.460
   2     0_sex( (                     ----|-*--------------------- ), 0.290,  0.460,  0.520,  0.560,  0.760

-studentperformance-acc+

   1     1_sex( (          ---*-------    |                        ), 0.460,  0.490,  0.500,  0.520,  0.540
   2     3_sex( (                 --*-----|------                  ), 0.510,  0.520,  0.530,  0.570,  0.590
   3     4_sex( (                   *-----|----------------------- ), 0.520,  0.530,  0.530,  0.550,  0.670
   4     2_sex( (                     *---|----------              ), 0.520,  0.540,  0.540,  0.580,  0.610
   4     5_sex( (                 ------*-|-------------           ), 0.490,  0.520,  0.550,  0.570,  0.620
   5     0_sex( (                       --|--*------------         ), 0.520,  0.550,  0.570,  0.620,  0.630

-studentperformance-F1+

   1     5_sex( (             ------*-----|-                       ), 0.240,  0.250,  0.290,  0.310,  0.350
   2     2_sex( (                   ---*--|-------------           ), 0.250,  0.290,  0.310,  0.330,  0.430
   2     4_sex( (                      -*-|---------               ), 0.260,  0.310,  0.320,  0.320,  0.400
   3     3_sex( (                ---------|*---------              ), 0.250,  0.270,  0.340,  0.360,  0.410
   4     0_sex( (                      ---|------*---------------- ), 0.230,  0.310,  0.380,  0.400,  0.500
   5     1_sex( (                         |                --*---  ), 0.400,  0.450,  0.460,  0.470,  0.490

-studentperformance-AOD-

   1     2_sex( (   *--                   |                        ), -0.520,  -0.500,  -0.500,  -0.490,  -0.460
   1     3_sex( ( --*-                    |                        ), -0.520,  -0.520,  -0.500,  -0.480,  -0.470
   1     5_sex( (   *-                    |                        ), -0.520,  -0.500,  -0.500,  -0.480,  -0.470
   2     0_sex( (   *---                  |                        ), -0.510,  -0.500,  -0.490,  -0.480,  -0.440
   2     4_sex( (   *-                    |                        ), -0.500,  -0.500,  -0.490,  -0.480,  -0.470
   3     1_sex( (                         |            ------*---- ), -0.120,  -0.050,  0.030,  0.080,  0.100

-studentperformance-EOD-

   1     3_sex( (         --*---------    |                        ), -0.570,  -0.520,  -0.500,  -0.410,  -0.350
   1     5_sex( (       ----*-----        |                        ), -0.640,  -0.550,  -0.500,  -0.410,  -0.400
   1     4_sex( (          -*------       |                        ), -0.540,  -0.510,  -0.490,  -0.420,  -0.390
   1     2_sex( (          ---*-          |                        ), -0.550,  -0.510,  -0.470,  -0.440,  -0.430
   2     0_sex( (             ----*------ |                        ), -0.550,  -0.460,  -0.400,  -0.360,  -0.300
   3     1_sex( (                         |               ----*--- ), -0.160,  -0.050,  0.010,  0.050,  0.080

-studentperformance-SPD-

   1     0_sex( (   *                     |                        ), -0.510,  -0.500,  -0.500,  -0.490,  -0.480
   1     2_sex( (  -*--                   |                        ), -0.510,  -0.510,  -0.500,  -0.500,  -0.450
   1     3_sex( (  -*                     |                        ), -0.510,  -0.510,  -0.500,  -0.500,  -0.500
   1     4_sex( (  -*                     |                        ), -0.510,  -0.510,  -0.500,  -0.500,  -0.490
   1     5_sex( (   *-                    |                        ), -0.510,  -0.500,  -0.500,  -0.490,  -0.470
   2     1_sex( (                         |           ------*----- ), -0.100,  -0.050,  0.040,  0.080,  0.120

-studentperformance-FA0-

   1     1_sex( (       ------*---------- |                        ), -0.210,  -0.140,  -0.020,  0.150,  0.210
   2     3_sex( (                         |                   *-   ), 0.630,  0.650,  0.650,  0.670,  0.680
   3     2_sex( (                         |                    *-- ), 0.650,  0.660,  0.670,  0.680,  0.740
   3     4_sex( (                         |                    *-- ), 0.640,  0.660,  0.670,  0.680,  0.720
   4     0_sex( (                         |                    -*- ), 0.660,  0.670,  0.680,  0.690,  0.720
   4     5_sex( (                         |                    -*- ), 0.660,  0.670,  0.690,  0.700,  0.730

-studentperformance-FA1-

   1     1_sex( (    ---*---------        |                        ), 0.440,  0.470,  0.500,  0.540,  0.590
   2     3_sex( (                         |   --*---------         ), 0.690,  0.700,  0.710,  0.790,  0.800
   2     0_sex( (                         |  -------*----------    ), 0.630,  0.690,  0.750,  0.810,  0.850
   3     4_sex( (                         |        -*------------- ), 0.710,  0.740,  0.750,  0.760,  0.880
   3     2_sex( (                         |       ---*-------      ), 0.710,  0.730,  0.760,  0.780,  0.830
   4     5_sex( (                         |           ----*--      ), 0.720,  0.770,  0.800,  0.810,  0.830

-studentperformance-DI-

   1     3_sex( (       --*---------------|----                    ), 0.130,  0.190,  0.210,  0.360,  0.390
   2     2_sex( (          -----*---------|---                     ), 0.210,  0.220,  0.260,  0.310,  0.380
   3     4_sex( (              ---*-------|-------                 ), 0.210,  0.250,  0.280,  0.330,  0.410
   3     5_sex( (             -------*----|---                     ), 0.180,  0.240,  0.300,  0.310,  0.380
   4     0_sex( (                ------*--|----------              ), 0.220,  0.270,  0.320,  0.340,  0.440
   5     1_sex( (                         |       ------------*--- ), 0.390,  0.410,  0.510,  0.530,  0.550
Processing studentperformance: 100%|████████████████████████████████████████████████████████████████████████████████████████████| 9/9 [00:02<00:00,  4.48it/s]
laurenalvarez@Laurens-MacBook-Pro lying % 
