laurenalvarez@Laurens-MacBook-Pro lying % python3 sk.py
Processing adultscensusincome:   0%|                                                                                  | 0/9 [00:00<?, ?it/s]
-adultscensusincome-recall+

   1    0_race( (*                        |                        ), 0.000,  0.000,  0.000,  0.000,  0.000
   1    1_race( (*                        |                        ), 0.000,  0.000,  0.000,  0.000,  0.000
   1    2_race( (*                        |                        ), 0.000,  0.000,  0.000,  0.000,  0.000
   1    3_race( (*                        |                        ), 0.000,  0.000,  0.000,  0.000,  0.000
   1    4_race( (*                        |                        ), 0.000,  0.000,  0.000,  0.000,  0.000
   1    5_race( (*                        |                        ), 0.000,  0.000,  0.000,  0.000,  0.000

-adultscensusincome-prec+

   1    0_race( (*                        |                        ), 0.000,  0.000,  0.000,  0.000,  0.000
   1    1_race( (*------------------------|----------------------- ), 0.000,  0.000,  0.000,  0.000,  1.000
   1    2_race( (*                        |                        ), 0.000,  0.000,  0.000,  0.000,  0.000
   1    3_race( (*                        |                        ), 0.000,  0.000,  0.000,  0.000,  0.000
   1    4_race( (*                        |                        ), 0.000,  0.000,  0.000,  0.000,  0.000
   1    5_race( (*                        |                        ), 0.000,  0.000,  0.000,  0.000,  0.000

-adultscensusincome-acc+

   1    0_race( (                         |               *        ), 0.830,  0.840,  0.840,  0.840,  0.850
   1    1_race( (                         |               *        ), 0.830,  0.840,  0.840,  0.840,  0.850
   1    2_race( (                         |               *        ), 0.830,  0.840,  0.840,  0.840,  0.850
   1    3_race( (                         |               *        ), 0.830,  0.840,  0.840,  0.840,  0.850
   1    4_race( (                         |               *        ), 0.830,  0.840,  0.840,  0.840,  0.850
   1    5_race( (                         |               *        ), 0.830,  0.840,  0.840,  0.840,  0.850

-adultscensusincome-F1+

   1    0_race( (*                        |                        ), 0.000,  0.000,  0.000,  0.000,  0.000
   1    1_race( (*                        |                        ), 0.000,  0.000,  0.000,  0.000,  0.000
   1    2_race( (*                        |                        ), 0.000,  0.000,  0.000,  0.000,  0.000
   1    3_race( (*                        |                        ), 0.000,  0.000,  0.000,  0.000,  0.000
   1    4_race( (*                        |                        ), 0.000,  0.000,  0.000,  0.000,  0.000
   1    5_race( (*                        |                        ), 0.000,  0.000,  0.000,  0.000,  0.000

-adultscensusincome-AOD-

   1    0_race( (                         |                       *), 1.000,  1.000,  1.000,  1.000,  1.000
   1    1_race( (                         |                       *), 1.000,  1.000,  1.000,  1.000,  1.000
   1    2_race( (                         |                       *), 1.000,  1.000,  1.000,  1.000,  1.000
   1    3_race( (                         |                       *), 1.000,  1.000,  1.000,  1.000,  1.000
   1    4_race( (                         |                       *), 1.000,  1.000,  1.000,  1.000,  1.000
   1    5_race( (                         |                       *), 1.000,  1.000,  1.000,  1.000,  1.000

-adultscensusincome-EOD-

   1    0_race( (                         |                       *), 1.000,  1.000,  1.000,  1.000,  1.000
   1    1_race( (                         |                       *), 1.000,  1.000,  1.000,  1.000,  1.000
   1    2_race( (                         |                       *), 1.000,  1.000,  1.000,  1.000,  1.000
   1    3_race( (                         |                       *), 1.000,  1.000,  1.000,  1.000,  1.000
   1    4_race( (                         |                       *), 1.000,  1.000,  1.000,  1.000,  1.000
   1    5_race( (                         |                       *), 1.000,  1.000,  1.000,  1.000,  1.000

-adultscensusincome-SPD-

   1    0_race( (                         |                       *), 1.000,  1.000,  1.000,  1.000,  1.000
   1    1_race( (                         |                       *), 1.000,  1.000,  1.000,  1.000,  1.000
   1    2_race( (                         |                       *), 1.000,  1.000,  1.000,  1.000,  1.000
   1    3_race( (                         |                       *), 1.000,  1.000,  1.000,  1.000,  1.000
   1    4_race( (                         |                       *), 1.000,  1.000,  1.000,  1.000,  1.000
   1    5_race( (                         |                       *), 1.000,  1.000,  1.000,  1.000,  1.000

-adultscensusincome-FA0-

   1    0_race( (                         |                       *), 1.000,  1.000,  1.000,  1.000,  1.000
   1    1_race( (                         |                       *), 1.000,  1.000,  1.000,  1.000,  1.000
   1    2_race( (                         |                       *), 1.000,  1.000,  1.000,  1.000,  1.000
   1    3_race( (                         |                       *), 1.000,  1.000,  1.000,  1.000,  1.000
   1    4_race( (                         |                       *), 1.000,  1.000,  1.000,  1.000,  1.000
   1    5_race( (                         |                       *), 1.000,  1.000,  1.000,  1.000,  1.000

-adultscensusincome-FA1-

   1    0_race( (                         |                       *), 1.000,  1.000,  1.000,  1.000,  1.000
   1    1_race( (                         |                       *), 1.000,  1.000,  1.000,  1.000,  1.000
   1    2_race( (                         |                       *), 1.000,  1.000,  1.000,  1.000,  1.000
   1    3_race( (                         |                       *), 1.000,  1.000,  1.000,  1.000,  1.000
   1    4_race( (                         |                       *), 1.000,  1.000,  1.000,  1.000,  1.000
   1    5_race( (                         |                       *), 1.000,  1.000,  1.000,  1.000,  1.000

-adultscensusincome-DI-

   1    0_race( (*                        |                        ), 0.000,  0.000,  0.000,  0.000,  0.000
   1    1_race( (*                        |                        ), 0.000,  0.000,  0.000,  0.000,  0.000
   1    2_race( (*                        |                        ), 0.000,  0.000,  0.000,  0.000,  0.000
   1    3_race( (*                        |                        ), 0.000,  0.000,  0.000,  0.000,  0.000
   1    4_race( (*                        |                        ), 0.000,  0.000,  0.000,  0.000,  0.000
   1    5_race( (*                        |                        ), 0.000,  0.000,  0.000,  0.000,  0.000
Processing bankmarketing:   0%|                                                                                       | 0/9 [00:00<?, ?it/s]
-bankmarketing-recall+

   1     0_Age( (*                        |                        ), 0.000,  0.000,  0.000,  0.000,  0.000
   1     1_Age( (*                        |                        ), 0.000,  0.000,  0.000,  0.000,  0.000
   1     2_Age( (*                        |                        ), 0.000,  0.000,  0.000,  0.000,  0.000
   1     3_Age( (*                        |                        ), 0.000,  0.000,  0.000,  0.000,  0.000
   1     4_Age( (*                        |                        ), 0.000,  0.000,  0.000,  0.000,  0.000
   1     5_Age( (*                        |                        ), 0.000,  0.000,  0.000,  0.000,  0.000

-bankmarketing-prec+

   1     0_Age( (*                        |                        ), 0.000,  0.000,  0.000,  0.000,  0.000
   1     1_Age( (*                        |                        ), 0.000,  0.000,  0.000,  0.000,  0.000
   1     2_Age( (*                        |                        ), 0.000,  0.000,  0.000,  0.000,  0.000
   1     3_Age( (*                        |                        ), 0.000,  0.000,  0.000,  0.000,  0.000
   1     4_Age( (*                        |                        ), 0.000,  0.000,  0.000,  0.000,  0.000
   1     5_Age( (*                        |                        ), 0.000,  0.000,  0.000,  0.000,  0.000

-bankmarketing-acc+

   1     0_Age( (                         |*                       ), 0.520,  0.530,  0.540,  0.540,  0.550
   1     1_Age( (                         |*                       ), 0.520,  0.530,  0.540,  0.540,  0.550
   1     2_Age( (                         |*                       ), 0.520,  0.530,  0.540,  0.540,  0.550
   1     3_Age( (                         |*                       ), 0.520,  0.530,  0.540,  0.540,  0.550
   1     4_Age( (                         |*                       ), 0.520,  0.530,  0.540,  0.540,  0.550
   1     5_Age( (                         |*                       ), 0.520,  0.530,  0.540,  0.540,  0.550

-bankmarketing-F1+

   1     0_Age( (*                        |                        ), 0.000,  0.000,  0.000,  0.000,  0.000
   1     1_Age( (*                        |                        ), 0.000,  0.000,  0.000,  0.000,  0.000
   1     2_Age( (*                        |                        ), 0.000,  0.000,  0.000,  0.000,  0.000
   1     3_Age( (*                        |                        ), 0.000,  0.000,  0.000,  0.000,  0.000
   1     4_Age( (*                        |                        ), 0.000,  0.000,  0.000,  0.000,  0.000
   1     5_Age( (*                        |                        ), 0.000,  0.000,  0.000,  0.000,  0.000

-bankmarketing-AOD-

   1     1_Age( (                         |                  -*-   ), 0.520,  0.900,  0.910,  0.930,  0.950
   2     2_Age( (                         |               ----*--  ), 0.720,  0.840,  0.920,  0.940,  0.980
   3     3_Age( (                         |                    --* ), 0.920,  0.930,  0.980,  1.000,  1.000
   4     0_Age( (                         |                       *), 1.000,  1.000,  1.000,  1.000,  1.000
   4     4_Age( (                         |                     --*), 0.940,  0.960,  1.000,  1.000,  1.000
   4     5_Age( (                         |                       *), 0.880,  1.000,  1.000,  1.000,  1.000

-bankmarketing-EOD-

   1     1_Age( (                         |                   *    ), 0.790,  0.920,  0.920,  0.940,  0.940
   1     2_Age( (                         |                 --*--- ), 0.750,  0.870,  0.920,  0.970,  1.000
   2     3_Age( (                         |                    --* ), 0.910,  0.940,  0.970,  1.000,  1.000
   3     4_Age( (                         |                       *), 0.970,  0.990,  0.990,  1.000,  1.000
   4     0_Age( (                         |                       *), 1.000,  1.000,  1.000,  1.000,  1.000
   4     5_Age( (                         |                       *), 0.970,  1.000,  1.000,  1.000,  1.000

-bankmarketing-SPD-

   1     2_Age( (                         |                 --*--- ), 0.750,  0.880,  0.910,  0.930,  0.990
   1     1_Age( (                         |                   *-   ), 0.620,  0.910,  0.920,  0.930,  0.950
   2     3_Age( (                         |                    --* ), 0.920,  0.930,  0.980,  1.000,  1.000
   3     4_Age( (                         |                      -*), 0.950,  0.980,  0.990,  1.000,  1.000
   4     0_Age( (                         |                       *), 1.000,  1.000,  1.000,  1.000,  1.000
   4     5_Age( (                         |                       *), 0.930,  1.000,  1.000,  1.000,  1.000

-bankmarketing-FA0-

   1     0_Age( (                         |                       *), 1.000,  1.000,  1.000,  1.000,  1.000
   1     1_Age( (                         |                       *), 1.000,  1.000,  1.000,  1.000,  1.000
   1     2_Age( (                         |                       *), 1.000,  1.000,  1.000,  1.000,  1.000
   1     3_Age( (                         |                       *), 1.000,  1.000,  1.000,  1.000,  1.000
   1     4_Age( (                         |                       *), 1.000,  1.000,  1.000,  1.000,  1.000
   1     5_Age( (                         |                       *), 1.000,  1.000,  1.000,  1.000,  1.000

-bankmarketing-FA1-

   1     0_Age( (                         |                       *), 1.000,  1.000,  1.000,  1.000,  1.000
   1     1_Age( (                         |                       *), 1.000,  1.000,  1.000,  1.000,  1.000
   1     2_Age( (                         |                       *), 1.000,  1.000,  1.000,  1.000,  1.000
   1     3_Age( (                         |                       *), 1.000,  1.000,  1.000,  1.000,  1.000
   1     4_Age( (                         |                       *), 1.000,  1.000,  1.000,  1.000,  1.000
   1     5_Age( (                         |                       *), 1.000,  1.000,  1.000,  1.000,  1.000

-bankmarketing-DI-

   1     0_Age( (*                        |                        ), 0.000,  0.000,  0.000,  0.000,  0.000
   1     5_Age( (*---                     |                        ), 0.000,  0.000,  0.000,  0.020,  0.100
   2     4_Age( (*-----                   |                        ), 0.000,  0.000,  0.010,  0.020,  0.140
   3     3_Age( ( -*---                   |                        ), 0.000,  0.030,  0.050,  0.070,  0.130
   4     1_Age( (   *---------------------|----------------------- ), 0.060,  0.070,  0.080,  0.210,  1.000
   4     2_Age( (  ---*-----------        |                        ), 0.030,  0.060,  0.110,  0.180,  0.350
Processing compas:   0%|                                                                                              | 0/9 [00:00<?, ?it/s]
-compas-recall+

   1    0_race( (*                        |                        ), 0.000,  0.000,  0.000,  0.000,  0.000
   1    1_race( (*                        |                        ), 0.000,  0.000,  0.000,  0.000,  0.000
   1    2_race( (*                        |                        ), 0.000,  0.000,  0.000,  0.000,  0.000
   1    3_race( (*                        |                        ), 0.000,  0.000,  0.000,  0.000,  0.000
   1    4_race( (*                        |                        ), 0.000,  0.000,  0.000,  0.000,  0.000
   1    5_race( (*                        |                        ), 0.000,  0.000,  0.000,  0.000,  0.000

-compas-prec+

   1    0_race( (*                        |                        ), 0.000,  0.000,  0.000,  0.000,  0.000
   1    1_race( (*                        |                        ), 0.000,  0.000,  0.000,  0.000,  0.000
   1    2_race( (*                        |                        ), 0.000,  0.000,  0.000,  0.000,  0.000
   1    3_race( (*                        |                        ), 0.000,  0.000,  0.000,  0.000,  0.000
   1    4_race( (*                        |                        ), 0.000,  0.000,  0.000,  0.000,  0.000
   1    5_race( (*                        |                        ), 0.000,  0.000,  0.000,  0.000,  0.000

-compas-acc+

   1    0_race( (                       -*|                        ), 0.460,  0.480,  0.490,  0.500,  0.510
   1    1_race( (                       -*|                        ), 0.460,  0.480,  0.490,  0.500,  0.510
   1    2_race( (                       -*|                        ), 0.460,  0.480,  0.490,  0.500,  0.510
   1    3_race( (                       -*|                        ), 0.460,  0.480,  0.490,  0.500,  0.510
   1    4_race( (                       -*|                        ), 0.460,  0.480,  0.490,  0.500,  0.510
   1    5_race( (                       -*|                        ), 0.460,  0.480,  0.490,  0.500,  0.510

-compas-F1+

   1    0_race( (*                        |                        ), 0.000,  0.000,  0.000,  0.000,  0.000
   1    1_race( (*                        |                        ), 0.000,  0.000,  0.000,  0.000,  0.000
   1    2_race( (*                        |                        ), 0.000,  0.000,  0.000,  0.000,  0.000
   1    3_race( (*                        |                        ), 0.000,  0.000,  0.000,  0.000,  0.000
   1    4_race( (*                        |                        ), 0.000,  0.000,  0.000,  0.000,  0.000
   1    5_race( (*                        |                        ), 0.000,  0.000,  0.000,  0.000,  0.000

-compas-AOD-

   1    0_race( (                         |                       *), 1.000,  1.000,  1.000,  1.000,  1.000
   1    1_race( (                         |                       *), 1.000,  1.000,  1.000,  1.000,  1.000
   1    2_race( (                         |                       *), 1.000,  1.000,  1.000,  1.000,  1.000
   1    3_race( (                         |                       *), 1.000,  1.000,  1.000,  1.000,  1.000
   1    4_race( (                         |                       *), 1.000,  1.000,  1.000,  1.000,  1.000
   1    5_race( (                         |                       *), 1.000,  1.000,  1.000,  1.000,  1.000

-compas-EOD-

   1    0_race( (                         |                       *), 1.000,  1.000,  1.000,  1.000,  1.000
   1    1_race( (                         |                       *), 1.000,  1.000,  1.000,  1.000,  1.000
   1    2_race( (                         |                       *), 1.000,  1.000,  1.000,  1.000,  1.000
   1    3_race( (                         |                       *), 1.000,  1.000,  1.000,  1.000,  1.000
   1    4_race( (                         |                       *), 1.000,  1.000,  1.000,  1.000,  1.000
   1    5_race( (                         |                       *), 1.000,  1.000,  1.000,  1.000,  1.000

-compas-SPD-

   1    0_race( (                         |                       *), 1.000,  1.000,  1.000,  1.000,  1.000
   1    1_race( (                         |                       *), 1.000,  1.000,  1.000,  1.000,  1.000
   1    2_race( (                         |                       *), 1.000,  1.000,  1.000,  1.000,  1.000
   1    3_race( (                         |                       *), 1.000,  1.000,  1.000,  1.000,  1.000
   1    4_race( (                         |                       *), 1.000,  1.000,  1.000,  1.000,  1.000
   1    5_race( (                         |                       *), 1.000,  1.000,  1.000,  1.000,  1.000

-compas-FA0-

   1    0_race( (                         |                       *), 1.000,  1.000,  1.000,  1.000,  1.000
   1    1_race( (                         |                       *), 1.000,  1.000,  1.000,  1.000,  1.000
   1    2_race( (                         |                       *), 1.000,  1.000,  1.000,  1.000,  1.000
   1    3_race( (                         |                       *), 1.000,  1.000,  1.000,  1.000,  1.000
   1    4_race( (                         |                       *), 1.000,  1.000,  1.000,  1.000,  1.000
   1    5_race( (                         |                       *), 1.000,  1.000,  1.000,  1.000,  1.000

-compas-FA1-

   1    0_race( (                         |                       *), 1.000,  1.000,  1.000,  1.000,  1.000
   1    1_race( (                         |                       *), 1.000,  1.000,  1.000,  1.000,  1.000
   1    2_race( (                         |                       *), 1.000,  1.000,  1.000,  1.000,  1.000
   1    3_race( (                         |                       *), 1.000,  1.000,  1.000,  1.000,  1.000
   1    4_race( (                         |                       *), 1.000,  1.000,  1.000,  1.000,  1.000
   1    5_race( (                         |                       *), 1.000,  1.000,  1.000,  1.000,  1.000

-compas-DI-

   1    0_race( (*                        |                        ), 0.000,  0.000,  0.000,  0.000,  0.000
   1    1_race( (*----                    |                        ), 0.000,  0.000,  0.000,  0.000,  0.110
   1    2_race( (*                        |                        ), 0.000,  0.000,  0.000,  0.000,  0.000
   1    3_race( (*                        |                        ), 0.000,  0.000,  0.000,  0.000,  0.000
   1    4_race( (*                        |                        ), 0.000,  0.000,  0.000,  0.000,  0.000
   1    5_race( (*                        |                        ), 0.000,  0.000,  0.000,  0.000,  0.000
Processing communities:   0%|                                                                                         | 0/9 [00:00<?, ?it/s]
-communities-recall+

   1 0_Racepctwhite( (*                        |                        ), 0.000,  0.000,  0.000,  0.000,  0.000
   2 1_Racepctwhite( (*------------------------|----------------------- ), 0.000,  0.000,  0.000,  0.250,  1.000
   2 5_Racepctwhite( (*----------------------- |                        ), 0.000,  0.000,  0.000,  0.250,  0.500
   2 2_Racepctwhite( (---------*---------------|-------                 ), 0.000,  0.000,  0.200,  0.330,  0.670
   3 4_Racepctwhite( (        -*-------------- |                        ), 0.000,  0.170,  0.200,  0.250,  0.500
   3 3_Racepctwhite( (         ---*----------- |                        ), 0.000,  0.200,  0.250,  0.250,  0.500

-communities-prec+

   1 0_Racepctwhite( (*                        |                        ), 0.000,  0.000,  0.000,  0.000,  0.000
   1 1_Racepctwhite( (*------------------------|----------------------- ), 0.000,  0.000,  0.000,  0.250,  1.000
   2 5_Racepctwhite( (*------------------------|----------------------- ), 0.000,  0.000,  0.000,  1.000,  1.000
   2 2_Racepctwhite( (-------------------------|-----------------------*), 0.000,  0.000,  1.000,  1.000,  1.000
   3 3_Racepctwhite( (                         |       ----------------*), 0.000,  0.670,  1.000,  1.000,  1.000
   3 4_Racepctwhite( (                         |                       *), 0.000,  1.000,  1.000,  1.000,  1.000

-communities-acc+

   1 1_Racepctwhite( (                         |  -----*--------        ), 0.380,  0.580,  0.670,  0.730,  0.860
   2 0_Racepctwhite( (                         |     ----*------        ), 0.620,  0.640,  0.710,  0.750,  0.860
   3 3_Racepctwhite( (                         |        --*---------    ), 0.670,  0.690,  0.730,  0.790,  0.930
   3 5_Racepctwhite( (                         |         -*---------    ), 0.620,  0.710,  0.730,  0.750,  0.930
   3 2_Racepctwhite( (                         |          -*--------    ), 0.640,  0.730,  0.750,  0.790,  0.930
   3 4_Racepctwhite( (                         |          -*--------    ), 0.690,  0.730,  0.750,  0.750,  0.930

-communities-F1+

   1 0_Racepctwhite( (*                        |                        ), 0.000,  0.000,  0.000,  0.000,  0.000
   1 1_Racepctwhite( (*------------------------|-                       ), 0.000,  0.000,  0.000,  0.280,  0.550
   2 5_Racepctwhite( (*------------------------|-------                 ), 0.000,  0.000,  0.000,  0.400,  0.670
   2 2_Racepctwhite( (----------------*--------|-------------           ), 0.000,  0.000,  0.330,  0.500,  0.800
   3 4_Racepctwhite( (              --*--------|-------                 ), 0.000,  0.290,  0.330,  0.400,  0.670
   3 3_Racepctwhite( (              -----*-----|-------                 ), 0.000,  0.290,  0.400,  0.400,  0.670

-communities-AOD-

   1 2_Racepctwhite( (                         |       ----*----------- ), 0.660,  0.670,  0.750,  0.960,  1.000
   1 3_Racepctwhite( (                         |        ----*--------   ), 0.570,  0.700,  0.780,  0.880,  0.960
   1 4_Racepctwhite( (                         |           ----*------- ), 0.570,  0.750,  0.840,  0.900,  1.000
   2 5_Racepctwhite( (                         |        -----------*--- ), 0.420,  0.700,  0.920,  1.000,  1.000
   3 1_Racepctwhite( (                         |--------------------*-- ), 0.180,  0.520,  0.940,  0.960,  1.000
   4 0_Racepctwhite( (                         |                       *), 1.000,  1.000,  1.000,  1.000,  1.000

-communities-EOD-

   1 2_Racepctwhite( (                         |       ------*--------- ), 0.500,  0.670,  0.800,  0.920,  1.000
   1 3_Racepctwhite( (                         |           --*--------- ), 0.420,  0.750,  0.800,  0.830,  1.000
   1 4_Racepctwhite( (                         |           --*--------- ), 0.650,  0.750,  0.800,  1.000,  1.000
   2 1_Racepctwhite( (                         |         --------*----- ), 0.060,  0.710,  0.880,  0.910,  1.000
   3 5_Racepctwhite( (                         |             ------*--- ), 0.500,  0.800,  0.910,  1.000,  1.000
   4 0_Racepctwhite( (                         |                       *), 1.000,  1.000,  1.000,  1.000,  1.000

-communities-SPD-

   1 3_Racepctwhite( (                         |              ---*--    ), 0.720,  0.810,  0.870,  0.920,  0.930
   1 4_Racepctwhite( (                         |               --*----- ), 0.830,  0.840,  0.880,  0.930,  1.000
   1 1_Racepctwhite( (                         |      -------------*--- ), 0.210,  0.650,  0.910,  0.940,  1.000
   2 5_Racepctwhite( (                         |               ----*--- ), 0.760,  0.840,  0.920,  1.000,  1.000
   3 2_Racepctwhite( (                         |           ---------*-- ), 0.750,  0.760,  0.930,  0.930,  1.000
   4 0_Racepctwhite( (                         |                       *), 1.000,  1.000,  1.000,  1.000,  1.000

-communities-FA0-

   1 3_Racepctwhite( (                         |                   *--- ), 0.860,  0.910,  0.920,  0.930,  1.000
   2 4_Racepctwhite( (                         |                   -*-- ), 0.880,  0.920,  0.930,  1.000,  1.000
   3 0_Racepctwhite( (                         |                       *), 1.000,  1.000,  1.000,  1.000,  1.000
   3 1_Racepctwhite( (                         |                      -*), -0.440,  0.940,  1.000,  1.000,  1.000
   3 2_Racepctwhite( (                         |                    ---*), 0.860,  0.930,  1.000,  1.000,  1.000
   3 5_Racepctwhite( (                         |                   ----*), 0.860,  0.920,  1.000,  1.000,  1.000

-communities-FA1-

   1 3_Racepctwhite( (                         |           --*--------- ), 0.670,  0.750,  0.800,  0.830,  1.000
   1 4_Racepctwhite( (                         |           --*--------- ), 0.670,  0.750,  0.800,  1.000,  1.000
   2 0_Racepctwhite( (                         |                       *), 1.000,  1.000,  1.000,  1.000,  1.000
   2 1_Racepctwhite( (                         |           ------------*), 0.670,  0.750,  1.000,  1.000,  1.000
   2 2_Racepctwhite( (                         |           ------------*), 0.500,  0.750,  1.000,  1.000,  1.000
   2 5_Racepctwhite( (                         |             ----------*), 0.500,  0.800,  1.000,  1.000,  1.000

-communities-DI-

   1 0_Racepctwhite( (*                        |                        ), 0.000,  0.000,  0.000,  0.000,  0.000
   1 2_Racepctwhite( (*---------------         |                        ), 0.000,  0.000,  0.000,  0.080,  0.330
   1 3_Racepctwhite( (*---------------         |                        ), 0.000,  0.000,  0.000,  0.090,  0.330
   1 4_Racepctwhite( (*---                     |                        ), 0.000,  0.000,  0.000,  0.000,  0.100
   2 5_Racepctwhite( (*-------                 |                        ), 0.000,  0.000,  0.000,  0.090,  0.170
   3 1_Racepctwhite( (    -*-------------------|--------                ), 0.000,  0.090,  0.120,  0.640,  0.690
Processing defaultcredit:  44%|███████████████████████████████████                                            | 4/9 [00:00<00:00, 23.34it/s]
-defaultcredit-recall+

   1     0_SEX( (*                        |                        ), 0.000,  0.000,  0.000,  0.000,  0.000
   1     1_SEX( (*----------------------  |                        ), 0.000,  0.000,  0.000,  0.000,  0.480
   1     2_SEX( (*                        |                        ), 0.000,  0.000,  0.000,  0.000,  0.000
   1     3_SEX( (*                        |                        ), 0.000,  0.000,  0.000,  0.000,  0.000
   1     4_SEX( (*                        |                        ), 0.000,  0.000,  0.000,  0.000,  0.000
   1     5_SEX( (*                        |                        ), 0.000,  0.000,  0.000,  0.000,  0.000

-defaultcredit-prec+

   1     0_SEX( (*                        |                        ), 0.000,  0.000,  0.000,  0.000,  0.000
   1     1_SEX( (*---------               |                        ), 0.000,  0.000,  0.000,  0.000,  0.210
   1     2_SEX( (*                        |                        ), 0.000,  0.000,  0.000,  0.000,  0.000
   1     3_SEX( (*                        |                        ), 0.000,  0.000,  0.000,  0.000,  0.000
   1     4_SEX( (*                        |                        ), 0.000,  0.000,  0.000,  0.000,  0.000
   1     5_SEX( (*                        |                        ), 0.000,  0.000,  0.000,  0.000,  0.000

-defaultcredit-acc+

   1     0_SEX( (                         |             *          ), 0.780,  0.790,  0.790,  0.790,  0.790
   1     1_SEX( (                         |             *          ), 0.770,  0.790,  0.790,  0.790,  0.790
   1     2_SEX( (                         |             *          ), 0.780,  0.790,  0.790,  0.790,  0.790
   1     3_SEX( (                         |             *          ), 0.780,  0.790,  0.790,  0.790,  0.790
   1     4_SEX( (                         |             *          ), 0.780,  0.790,  0.790,  0.790,  0.790
   1     5_SEX( (                         |             *          ), 0.780,  0.790,  0.790,  0.790,  0.790

-defaultcredit-F1+

   1     0_SEX( (*                        |                        ), 0.000,  0.000,  0.000,  0.000,  0.000
   1     1_SEX( (*-------------           |                        ), 0.000,  0.000,  0.000,  0.000,  0.290
   1     2_SEX( (*                        |                        ), 0.000,  0.000,  0.000,  0.000,  0.000
   1     3_SEX( (*                        |                        ), 0.000,  0.000,  0.000,  0.000,  0.000
   1     4_SEX( (*                        |                        ), 0.000,  0.000,  0.000,  0.000,  0.000
   1     5_SEX( (*                        |                        ), 0.000,  0.000,  0.000,  0.000,  0.000

-defaultcredit-AOD-

   1     0_SEX( (                         |                       *), 1.000,  1.000,  1.000,  1.000,  1.000
   1     1_SEX( (                         |                       *), 1.000,  1.000,  1.000,  1.000,  1.000
   1     2_SEX( (                         |                       *), 1.000,  1.000,  1.000,  1.000,  1.000
   1     3_SEX( (                         |                       *), 1.000,  1.000,  1.000,  1.000,  1.000
   1     4_SEX( (                         |                       *), 1.000,  1.000,  1.000,  1.000,  1.000
   1     5_SEX( (                         |                       *), 1.000,  1.000,  1.000,  1.000,  1.000

-defaultcredit-EOD-

   1     0_SEX( (                         |                       *), 1.000,  1.000,  1.000,  1.000,  1.000
   1     1_SEX( (                         |                       *), 1.000,  1.000,  1.000,  1.000,  1.000
   1     2_SEX( (                         |                       *), 1.000,  1.000,  1.000,  1.000,  1.000
   1     3_SEX( (                         |                       *), 1.000,  1.000,  1.000,  1.000,  1.000
   1     4_SEX( (                         |                       *), 1.000,  1.000,  1.000,  1.000,  1.000
   1     5_SEX( (                         |                       *), 1.000,  1.000,  1.000,  1.000,  1.000

-defaultcredit-SPD-

   1     0_SEX( (                         |                       *), 1.000,  1.000,  1.000,  1.000,  1.000
   1     1_SEX( (                         |                       *), 1.000,  1.000,  1.000,  1.000,  1.000
   1     2_SEX( (                         |                       *), 1.000,  1.000,  1.000,  1.000,  1.000
   1     3_SEX( (                         |                       *), 1.000,  1.000,  1.000,  1.000,  1.000
   1     4_SEX( (                         |                       *), 1.000,  1.000,  1.000,  1.000,  1.000
   1     5_SEX( (                         |                       *), 1.000,  1.000,  1.000,  1.000,  1.000

-defaultcredit-FA0-

   1     0_SEX( (                         |                       *), 1.000,  1.000,  1.000,  1.000,  1.000
   1     1_SEX( (                         |                       *), 1.000,  1.000,  1.000,  1.000,  1.000
   1     2_SEX( (                         |                       *), 1.000,  1.000,  1.000,  1.000,  1.000
   1     3_SEX( (                         |                       *), 1.000,  1.000,  1.000,  1.000,  1.000
   1     4_SEX( (                         |                       *), 1.000,  1.000,  1.000,  1.000,  1.000
   1     5_SEX( (                         |                       *), 1.000,  1.000,  1.000,  1.000,  1.000

-defaultcredit-FA1-

   1     0_SEX( (                         |                       *), 1.000,  1.000,  1.000,  1.000,  1.000
   1     1_SEX( (                         |                       *), 1.000,  1.000,  1.000,  1.000,  1.000
   1     2_SEX( (                         |                       *), 1.000,  1.000,  1.000,  1.000,  1.000
   1     3_SEX( (                         |                       *), 1.000,  1.000,  1.000,  1.000,  1.000
   1     4_SEX( (                         |                       *), 1.000,  1.000,  1.000,  1.000,  1.000
   1     5_SEX( (                         |                       *), 1.000,  1.000,  1.000,  1.000,  1.000

-defaultcredit-DI-

   1     0_SEX( (*                        |                        ), 0.000,  0.000,  0.000,  0.000,  0.000
   1     1_SEX( (*                        |                        ), 0.000,  0.000,  0.000,  0.000,  0.000
   1     2_SEX( (*                        |                        ), 0.000,  0.000,  0.000,  0.000,  0.000
   1     3_SEX( (*                        |                        ), 0.000,  0.000,  0.000,  0.000,  0.000
   1     4_SEX( (*                        |                        ), 0.000,  0.000,  0.000,  0.000,  0.000
   1     5_SEX( (*                        |                        ), 0.000,  0.000,  0.000,  0.000,  0.000
Processing diabetes:  44%|█████████████████████████████████████▎                                              | 4/9 [00:00<00:00, 23.34it/s]
-diabetes-recall+

   1     0_Age( (*                        |                        ), 0.000,  0.000,  0.000,  0.000,  0.000
   1     1_Age( (*---------------------   |                        ), 0.000,  0.000,  0.000,  0.000,  0.450
   1     2_Age( (*                        |                        ), 0.000,  0.000,  0.000,  0.000,  0.000
   1     3_Age( (*                        |                        ), 0.000,  0.000,  0.000,  0.000,  0.000
   1     4_Age( (*                        |                        ), 0.000,  0.000,  0.000,  0.000,  0.000
   1     5_Age( (*                        |                        ), 0.000,  0.000,  0.000,  0.000,  0.000

-diabetes-prec+

   1     0_Age( (*                        |                        ), 0.000,  0.000,  0.000,  0.000,  0.000
   1     1_Age( (*------------------------|--                      ), 0.000,  0.000,  0.000,  0.000,  0.580
   1     2_Age( (*                        |                        ), 0.000,  0.000,  0.000,  0.000,  0.000
   1     3_Age( (*                        |                        ), 0.000,  0.000,  0.000,  0.000,  0.000
   1     4_Age( (*                        |                        ), 0.000,  0.000,  0.000,  0.000,  0.000
   1     5_Age( (*                        |                        ), 0.000,  0.000,  0.000,  0.000,  0.000

-diabetes-acc+

   1     0_Age( (                       -*|-                       ), 0.430,  0.470,  0.490,  0.530,  0.560
   1     2_Age( (                       -*|-                       ), 0.430,  0.470,  0.490,  0.530,  0.560
   1     3_Age( (                       -*|-                       ), 0.430,  0.470,  0.490,  0.530,  0.560
   1     4_Age( (                       -*|-                       ), 0.430,  0.470,  0.490,  0.530,  0.560
   1     5_Age( (                       -*|-                       ), 0.430,  0.470,  0.490,  0.530,  0.560
   1     1_Age( (                       --|*                       ), 0.430,  0.470,  0.530,  0.550,  0.560

-diabetes-F1+

   1     0_Age( (*                        |                        ), 0.000,  0.000,  0.000,  0.000,  0.000
   1     1_Age( (*------------------------|                        ), 0.000,  0.000,  0.000,  0.000,  0.510
   1     2_Age( (*                        |                        ), 0.000,  0.000,  0.000,  0.000,  0.000
   1     3_Age( (*                        |                        ), 0.000,  0.000,  0.000,  0.000,  0.000
   1     4_Age( (*                        |                        ), 0.000,  0.000,  0.000,  0.000,  0.000
   1     5_Age( (*                        |                        ), 0.000,  0.000,  0.000,  0.000,  0.000

-diabetes-AOD-

   1     0_Age( (                         |                       *), 1.000,  1.000,  1.000,  1.000,  1.000
   1     1_Age( (                         |                       *), 1.000,  1.000,  1.000,  1.000,  1.000
   1     2_Age( (                         |                       *), 1.000,  1.000,  1.000,  1.000,  1.000
   1     3_Age( (                         |                       *), 1.000,  1.000,  1.000,  1.000,  1.000
   1     4_Age( (                         |                       *), 1.000,  1.000,  1.000,  1.000,  1.000
   1     5_Age( (                         |                       *), 1.000,  1.000,  1.000,  1.000,  1.000

-diabetes-EOD-

   1     0_Age( (                         |                       *), 1.000,  1.000,  1.000,  1.000,  1.000
   1     1_Age( (                         |                       *), 1.000,  1.000,  1.000,  1.000,  1.000
   1     2_Age( (                         |                       *), 1.000,  1.000,  1.000,  1.000,  1.000
   1     3_Age( (                         |                       *), 1.000,  1.000,  1.000,  1.000,  1.000
   1     4_Age( (                         |                       *), 1.000,  1.000,  1.000,  1.000,  1.000
   1     5_Age( (                         |                       *), 1.000,  1.000,  1.000,  1.000,  1.000

-diabetes-SPD-

   1     0_Age( (                         |                       *), 1.000,  1.000,  1.000,  1.000,  1.000
   1     1_Age( (                         |                       *), 1.000,  1.000,  1.000,  1.000,  1.000
   1     2_Age( (                         |                       *), 1.000,  1.000,  1.000,  1.000,  1.000
   1     3_Age( (                         |                       *), 1.000,  1.000,  1.000,  1.000,  1.000
   1     4_Age( (                         |                       *), 1.000,  1.000,  1.000,  1.000,  1.000
   1     5_Age( (                         |                       *), 1.000,  1.000,  1.000,  1.000,  1.000

-diabetes-FA0-

   1     0_Age( (                         |                       *), 1.000,  1.000,  1.000,  1.000,  1.000
   1     1_Age( (                         |                       *), 1.000,  1.000,  1.000,  1.000,  1.000
   1     2_Age( (                         |                       *), 1.000,  1.000,  1.000,  1.000,  1.000
   1     3_Age( (                         |                       *), 1.000,  1.000,  1.000,  1.000,  1.000
   1     4_Age( (                         |                       *), 1.000,  1.000,  1.000,  1.000,  1.000
   1     5_Age( (                         |                       *), 1.000,  1.000,  1.000,  1.000,  1.000

-diabetes-FA1-

   1     0_Age( (                         |                       *), 1.000,  1.000,  1.000,  1.000,  1.000
   1     1_Age( (                         |                       *), 1.000,  1.000,  1.000,  1.000,  1.000
   1     2_Age( (                         |                       *), 1.000,  1.000,  1.000,  1.000,  1.000
   1     3_Age( (                         |                       *), 1.000,  1.000,  1.000,  1.000,  1.000
   1     4_Age( (                         |                       *), 1.000,  1.000,  1.000,  1.000,  1.000
   1     5_Age( (                         |                       *), 1.000,  1.000,  1.000,  1.000,  1.000

-diabetes-DI-

   1     0_Age( (*                        |                        ), 0.000,  0.000,  0.000,  0.000,  0.000
   1     1_Age( (*                        |                        ), 0.000,  0.000,  0.000,  0.000,  0.000
   1     2_Age( (*                        |                        ), 0.000,  0.000,  0.000,  0.000,  0.010
   1     3_Age( (*                        |                        ), 0.000,  0.000,  0.000,  0.000,  0.000
   1     4_Age( (*                        |                        ), 0.000,  0.000,  0.000,  0.000,  0.000
   1     5_Age( (*                        |                        ), 0.000,  0.000,  0.000,  0.000,  0.000
Processing germancredit:  44%|███████████████████████████████████▌                                            | 4/9 [00:00<00:00, 23.34it/s]
-germancredit-recall+

   1     0_sex( (*                        |                        ), 0.000,  0.000,  0.000,  0.000,  0.000
   1     2_sex( (*-                       |                        ), 0.000,  0.000,  0.000,  0.020,  0.060
   1     3_sex( (*-                       |                        ), 0.000,  0.000,  0.000,  0.000,  0.050
   1     4_sex( (*                        |                        ), 0.000,  0.000,  0.000,  0.000,  0.000
   1     5_sex( (*                        |                        ), 0.000,  0.000,  0.000,  0.000,  0.020
   2     1_sex( (-------*-------          |                        ), 0.000,  0.000,  0.150,  0.170,  0.310

-germancredit-prec+

   1     0_sex( (*                        |                        ), 0.000,  0.000,  0.000,  0.000,  0.000
   1     2_sex( (*------------------------|----------------------- ), 0.000,  0.000,  0.000,  0.500,  1.000
   1     3_sex( (*----------------------- |                        ), 0.000,  0.000,  0.000,  0.000,  0.500
   1     4_sex( (*                        |                        ), 0.000,  0.000,  0.000,  0.000,  0.000
   1     5_sex( (*----------------------- |                        ), 0.000,  0.000,  0.000,  0.000,  0.500
   2     1_sex( (-------------------------|-------------*--------- ), 0.000,  0.000,  0.800,  0.820,  1.000

-germancredit-acc+

   1     0_sex( (                ---*---- |                        ), 0.300,  0.340,  0.390,  0.450,  0.490
   1     2_sex( (                ---*-----|                        ), 0.300,  0.340,  0.390,  0.450,  0.510
   1     3_sex( (                ---*---- |                        ), 0.300,  0.340,  0.390,  0.450,  0.490
   1     4_sex( (                ---*---- |                        ), 0.300,  0.340,  0.390,  0.450,  0.490
   1     5_sex( (                ---*---- |                        ), 0.300,  0.340,  0.390,  0.450,  0.490
   2     1_sex( (                     -*--|----                    ), 0.340,  0.430,  0.450,  0.510,  0.610

-germancredit-F1+

   1     0_sex( (*                        |                        ), 0.000,  0.000,  0.000,  0.000,  0.000
   1     2_sex( (*----                    |                        ), 0.000,  0.000,  0.000,  0.040,  0.110
   1     3_sex( (*---                     |                        ), 0.000,  0.000,  0.000,  0.000,  0.090
   1     4_sex( (*                        |                        ), 0.000,  0.000,  0.000,  0.000,  0.000
   1     5_sex( (*                        |                        ), 0.000,  0.000,  0.000,  0.000,  0.040
   2     1_sex( (------------*---------   |                        ), 0.000,  0.000,  0.250,  0.290,  0.450

-germancredit-AOD-

   1     1_sex( (                         |                  -*--- ), 0.880,  0.890,  0.920,  1.000,  1.000
   2     0_sex( (                         |                       *), 1.000,  1.000,  1.000,  1.000,  1.000
   2     2_sex( (                         |                       *), 0.970,  1.000,  1.000,  1.000,  1.000
   2     3_sex( (                         |                       *), 0.980,  1.000,  1.000,  1.000,  1.000
   2     4_sex( (                         |                       *), 1.000,  1.000,  1.000,  1.000,  1.000
   2     5_sex( (                         |                       *), 0.970,  1.000,  1.000,  1.000,  1.000

-germancredit-EOD-

   1     1_sex( (                         |               -*------ ), 0.780,  0.830,  0.860,  1.000,  1.000
   2     0_sex( (                         |                       *), 1.000,  1.000,  1.000,  1.000,  1.000
   2     2_sex( (                         |                       *), 0.970,  1.000,  1.000,  1.000,  1.000
   2     3_sex( (                         |                       *), 1.000,  1.000,  1.000,  1.000,  1.000
   2     4_sex( (                         |                       *), 1.000,  1.000,  1.000,  1.000,  1.000
   2     5_sex( (                         |                       *), 1.000,  1.000,  1.000,  1.000,  1.000

-germancredit-SPD-

   1     1_sex( (                         |                 -*---- ), 0.850,  0.880,  0.900,  1.000,  1.000
   2     0_sex( (                         |                       *), 1.000,  1.000,  1.000,  1.000,  1.000
   2     2_sex( (                         |                       *), 0.970,  1.000,  1.000,  1.000,  1.000
   2     3_sex( (                         |                       *), 0.990,  1.000,  1.000,  1.000,  1.000
   2     4_sex( (                         |                       *), 1.000,  1.000,  1.000,  1.000,  1.000
   2     5_sex( (                         |                       *), 0.980,  1.000,  1.000,  1.000,  1.000

-germancredit-FA0-

   1     1_sex( (                         |                 -*---- ), 0.850,  0.880,  0.900,  1.000,  1.000
   2     0_sex( (                         |                       *), 1.000,  1.000,  1.000,  1.000,  1.000
   2     2_sex( (                         |                       *), 0.970,  1.000,  1.000,  1.000,  1.000
   2     3_sex( (                         |                       *), 0.990,  1.000,  1.000,  1.000,  1.000
   2     4_sex( (                         |                       *), 1.000,  1.000,  1.000,  1.000,  1.000
   2     5_sex( (                         |                       *), 0.980,  1.000,  1.000,  1.000,  1.000

-germancredit-FA1-

   1     1_sex( (                         |               -*------ ), 0.780,  0.830,  0.860,  1.000,  1.000
   2     0_sex( (                         |                       *), 1.000,  1.000,  1.000,  1.000,  1.000
   2     2_sex( (                         |                       *), 0.970,  1.000,  1.000,  1.000,  1.000
   2     3_sex( (                         |                       *), 1.000,  1.000,  1.000,  1.000,  1.000
   2     4_sex( (                         |                       *), 1.000,  1.000,  1.000,  1.000,  1.000
   2     5_sex( (                         |                       *), 1.000,  1.000,  1.000,  1.000,  1.000

-germancredit-DI-

   1     0_sex( (*                        |                        ), 0.000,  0.000,  0.000,  0.000,  0.000
   1     1_sex( (*                        |                        ), 0.000,  0.000,  0.000,  0.000,  0.000
   1     2_sex( (*                        |                        ), 0.000,  0.000,  0.000,  0.000,  0.000
   1     3_sex( (*                        |                        ), 0.000,  0.000,  0.000,  0.000,  0.000
   1     4_sex( (*                        |                        ), 0.000,  0.000,  0.000,  0.000,  0.000
   1     5_sex( (*                        |                        ), 0.000,  0.000,  0.000,  0.000,  0.000
Processing heart:  44%|██████████████████████████████████████▋                                                | 4/9 [00:00<00:00, 23.34it/s]
-heart-recall+

   1     0_Age( (*                        |                        ), 0.000,  0.000,  0.000,  0.000,  0.000
   1     1_Age( (*                        |                        ), 0.000,  0.000,  0.000,  0.000,  0.000
   1     2_Age( (*                        |                        ), 0.000,  0.000,  0.000,  0.000,  0.000
   1     3_Age( (*                        |                        ), 0.000,  0.000,  0.000,  0.000,  0.000
   1     4_Age( (*                        |                        ), 0.000,  0.000,  0.000,  0.000,  0.000
   1     5_Age( (*                        |                        ), 0.000,  0.000,  0.000,  0.000,  0.000

-heart-prec+

   1     0_Age( (*                        |                        ), 0.000,  0.000,  0.000,  0.000,  0.000
   1     1_Age( (*                        |                        ), 0.000,  0.000,  0.000,  0.000,  0.000
   1     2_Age( (*                        |                        ), 0.000,  0.000,  0.000,  0.000,  0.000
   1     3_Age( (*                        |                        ), 0.000,  0.000,  0.000,  0.000,  0.000
   1     4_Age( (*                        |                        ), 0.000,  0.000,  0.000,  0.000,  0.000
   1     5_Age( (*                        |                        ), 0.000,  0.000,  0.000,  0.000,  0.000

-heart-acc+

   1     0_Age( (                         | --*----                ), 0.530,  0.560,  0.590,  0.670,  0.700
   1     1_Age( (                         | --*----                ), 0.530,  0.560,  0.590,  0.670,  0.700
   1     2_Age( (                         | --*----                ), 0.530,  0.560,  0.590,  0.670,  0.700
   1     3_Age( (                         | --*----                ), 0.530,  0.560,  0.590,  0.670,  0.700
   1     4_Age( (                         | --*----                ), 0.530,  0.560,  0.590,  0.670,  0.700
   1     5_Age( (                         | --*----                ), 0.530,  0.560,  0.590,  0.670,  0.700

-heart-F1+

   1     0_Age( (*                        |                        ), 0.000,  0.000,  0.000,  0.000,  0.000
   1     1_Age( (*                        |                        ), 0.000,  0.000,  0.000,  0.000,  0.000
   1     2_Age( (*                        |                        ), 0.000,  0.000,  0.000,  0.000,  0.000
   1     3_Age( (*                        |                        ), 0.000,  0.000,  0.000,  0.000,  0.000
   1     4_Age( (*                        |                        ), 0.000,  0.000,  0.000,  0.000,  0.000
   1     5_Age( (*                        |                        ), 0.000,  0.000,  0.000,  0.000,  0.000

-heart-AOD-

   1     0_Age( (                         |                       *), 1.000,  1.000,  1.000,  1.000,  1.000
   1     1_Age( (                         |                       *), 0.830,  1.000,  1.000,  1.000,  1.000
   1     2_Age( (                         |                       *), 1.000,  1.000,  1.000,  1.000,  1.000
   1     3_Age( (                         |                       *), 1.000,  1.000,  1.000,  1.000,  1.000
   1     4_Age( (                         |                       *), 1.000,  1.000,  1.000,  1.000,  1.000
   1     5_Age( (                         |                       *), 1.000,  1.000,  1.000,  1.000,  1.000

-heart-EOD-

   1     0_Age( (                         |                       *), 1.000,  1.000,  1.000,  1.000,  1.000
   1     1_Age( (                         |                       *), 0.950,  1.000,  1.000,  1.000,  1.000
   1     2_Age( (                         |                       *), 1.000,  1.000,  1.000,  1.000,  1.000
   1     3_Age( (                         |                       *), 1.000,  1.000,  1.000,  1.000,  1.000
   1     4_Age( (                         |                       *), 1.000,  1.000,  1.000,  1.000,  1.000
   1     5_Age( (                         |                       *), 1.000,  1.000,  1.000,  1.000,  1.000

-heart-SPD-

   1     0_Age( (                         |                       *), 1.000,  1.000,  1.000,  1.000,  1.000
   1     1_Age( (                         |                       *), 0.890,  1.000,  1.000,  1.000,  1.000
   1     2_Age( (                         |                       *), 1.000,  1.000,  1.000,  1.000,  1.000
   1     3_Age( (                         |                       *), 1.000,  1.000,  1.000,  1.000,  1.000
   1     4_Age( (                         |                       *), 1.000,  1.000,  1.000,  1.000,  1.000
   1     5_Age( (                         |                       *), 1.000,  1.000,  1.000,  1.000,  1.000

-heart-FA0-

   1     0_Age( (                         |                       *), 1.000,  1.000,  1.000,  1.000,  1.000
   1     1_Age( (                         |                       *), 1.000,  1.000,  1.000,  1.000,  1.000
   1     2_Age( (                         |                       *), 1.000,  1.000,  1.000,  1.000,  1.000
   1     3_Age( (                         |                       *), 1.000,  1.000,  1.000,  1.000,  1.000
   1     4_Age( (                         |                       *), 1.000,  1.000,  1.000,  1.000,  1.000
   1     5_Age( (                         |                       *), 1.000,  1.000,  1.000,  1.000,  1.000

-heart-FA1-

   1     0_Age( (                         |                       *), 1.000,  1.000,  1.000,  1.000,  1.000
   1     1_Age( (                         |                       *), 1.000,  1.000,  1.000,  1.000,  1.000
   1     2_Age( (                         |                       *), 1.000,  1.000,  1.000,  1.000,  1.000
   1     3_Age( (                         |                       *), 1.000,  1.000,  1.000,  1.000,  1.000
   1     4_Age( (                         |                       *), 1.000,  1.000,  1.000,  1.000,  1.000
   1     5_Age( (                         |                       *), 1.000,  1.000,  1.000,  1.000,  1.000

-heart-DI-

   1     0_Age( (*                        |                        ), 0.000,  0.000,  0.000,  0.000,  0.000
   1     1_Age( (*-                       |                        ), 0.000,  0.000,  0.000,  0.000,  0.050
   1     2_Age( (*                        |                        ), 0.000,  0.000,  0.000,  0.000,  0.000
   1     3_Age( (*                        |                        ), 0.000,  0.000,  0.000,  0.000,  0.000
   1     4_Age( (*                        |                        ), 0.000,  0.000,  0.000,  0.000,  0.000
   1     5_Age( (*                        |                        ), 0.000,  0.000,  0.000,  0.000,  0.000
Processing studentperformance:  44%|████████████████████████████████▉                                         | 4/9 [00:00<00:00, 23.34it/s]
-studentperformance-recall+

   1     0_sex( (*                        |                        ), 0.000,  0.000,  0.000,  0.000,  0.000
   1     2_sex( (*-                       |                        ), 0.000,  0.000,  0.000,  0.000,  0.060
   1     3_sex( (*---                     |                        ), 0.000,  0.000,  0.000,  0.000,  0.090
   1     4_sex( (*                        |                        ), 0.000,  0.000,  0.000,  0.000,  0.000
   1     5_sex( (*                        |                        ), 0.000,  0.000,  0.000,  0.000,  0.020
   2     1_sex( (*--                      |                        ), 0.000,  0.000,  0.020,  0.050,  0.070

-studentperformance-prec+

   1     0_sex( (*                        |                        ), 0.000,  0.000,  0.000,  0.000,  0.000
   1     2_sex( (*------------------------|----------------------- ), 0.000,  0.000,  0.000,  0.000,  1.000
   1     3_sex( (*------------------------|-------                 ), 0.000,  0.000,  0.000,  0.000,  0.670
   1     4_sex( (*                        |                        ), 0.000,  0.000,  0.000,  0.000,  0.000
   1     5_sex( (*----------------------- |                        ), 0.000,  0.000,  0.000,  0.000,  0.500
   2     1_sex( (-------------*-----------|---                     ), 0.000,  0.000,  0.270,  0.400,  0.600

-studentperformance-acc+

   1     0_sex( (                         | *----                  ), 0.540,  0.550,  0.560,  0.590,  0.650
   1     1_sex( (                         | *----                  ), 0.540,  0.550,  0.560,  0.590,  0.650
   1     3_sex( (                         | *----                  ), 0.540,  0.550,  0.560,  0.610,  0.650
   1     4_sex( (                         | *----                  ), 0.540,  0.550,  0.560,  0.590,  0.650
   1     5_sex( (                         | *----                  ), 0.540,  0.550,  0.560,  0.590,  0.650
   1     2_sex( (                         | -*---                  ), 0.540,  0.550,  0.570,  0.590,  0.650

-studentperformance-F1+

   1     0_sex( (*                        |                        ), 0.000,  0.000,  0.000,  0.000,  0.000
   1     2_sex( (*----                    |                        ), 0.000,  0.000,  0.000,  0.000,  0.110
   1     3_sex( (*------                  |                        ), 0.000,  0.000,  0.000,  0.000,  0.160
   1     4_sex( (*                        |                        ), 0.000,  0.000,  0.000,  0.000,  0.000
   1     5_sex( (*                        |                        ), 0.000,  0.000,  0.000,  0.000,  0.040
   2     1_sex( (-*---                    |                        ), 0.000,  0.000,  0.040,  0.090,  0.110

-studentperformance-AOD-

   1     1_sex( (                         |               ---*---- ), 0.820,  0.840,  0.900,  0.930,  1.000
   2     2_sex( (                         |                      * ), 0.900,  0.970,  0.980,  1.000,  1.000
   3     0_sex( (                         |                       *), 1.000,  1.000,  1.000,  1.000,  1.000
   3     3_sex( (                         |                       *), 0.970,  0.990,  1.000,  1.000,  1.000
   3     4_sex( (                         |                       *), 0.990,  1.000,  1.000,  1.000,  1.000
   3     5_sex( (                         |                       *), 0.980,  1.000,  1.000,  1.000,  1.000

-studentperformance-EOD-

   1     1_sex( (                         |                  -*--- ), 0.810,  0.900,  0.920,  0.950,  1.000
   2     2_sex( (                         |                     -* ), 0.860,  0.960,  0.980,  1.000,  1.000
   3     0_sex( (                         |                       *), 1.000,  1.000,  1.000,  1.000,  1.000
   3     3_sex( (                         |                       *), 0.950,  1.000,  1.000,  1.000,  1.000
   3     4_sex( (                         |                       *), 1.000,  1.000,  1.000,  1.000,  1.000
   3     5_sex( (                         |                       *), 0.970,  1.000,  1.000,  1.000,  1.000

-studentperformance-SPD-

   1     1_sex( (                         |               ---*---- ), 0.820,  0.830,  0.890,  0.920,  1.000
   2     2_sex( (                         |                      -*), 0.900,  0.980,  0.990,  1.000,  1.000
   3     0_sex( (                         |                       *), 1.000,  1.000,  1.000,  1.000,  1.000
   3     3_sex( (                         |                       *), 0.960,  0.990,  1.000,  1.000,  1.000
   3     4_sex( (                         |                       *), 0.990,  1.000,  1.000,  1.000,  1.000
   3     5_sex( (                         |                       *), 0.980,  1.000,  1.000,  1.000,  1.000

-studentperformance-FA0-

   1     0_sex( (                         |                       *), 1.000,  1.000,  1.000,  1.000,  1.000
   1     1_sex( (                         |                     --*), 0.950,  0.960,  1.000,  1.000,  1.000
   1     2_sex( (                         |                       *), 0.990,  1.000,  1.000,  1.000,  1.000
   1     3_sex( (                         |                       *), 1.000,  1.000,  1.000,  1.000,  1.000
   1     4_sex( (                         |                       *), 1.000,  1.000,  1.000,  1.000,  1.000
   1     5_sex( (                         |                       *), 1.000,  1.000,  1.000,  1.000,  1.000

-studentperformance-FA1-

   1     0_sex( (                         |                       *), 1.000,  1.000,  1.000,  1.000,  1.000
   1     1_sex( (                         |                     --*), 0.950,  0.950,  1.000,  1.000,  1.000
   1     2_sex( (                         |                       *), 0.980,  1.000,  1.000,  1.000,  1.000
   1     3_sex( (                         |                       *), 1.000,  1.000,  1.000,  1.000,  1.000
   1     4_sex( (                         |                       *), 1.000,  1.000,  1.000,  1.000,  1.000
   1     5_sex( (                         |                       *), 1.000,  1.000,  1.000,  1.000,  1.000

-studentperformance-DI-

   1     0_sex( (*                        |                        ), 0.000,  0.000,  0.000,  0.000,  0.000
   1     3_sex( (*-                       |                        ), 0.000,  0.000,  0.000,  0.000,  0.050
   1     4_sex( (*                        |                        ), 0.000,  0.000,  0.000,  0.000,  0.030
   1     5_sex( (*                        |                        ), 0.000,  0.000,  0.000,  0.000,  0.030
   2     2_sex( (-*------                 |                        ), 0.000,  0.000,  0.030,  0.070,  0.170
   3     1_sex( (---*---------            |                        ), 0.000,  0.000,  0.080,  0.100,  0.280
Processing studentperformance: 100%|██████████████████████████████████████████████████████████████████████████| 9/9 [00:00<00:00, 37.45it/s]
laurenalvarez@Laurens-MacBook-Pro lying %     
