laurenalvarez@Laurens-MacBook-Pro lying % python3 sk.py
Processing heart:   0%|                                                                                                                     | 0/9 [00:00<?, ?it/s]
-heart-recall+

    1         58_Age( (                         |      ---*------        ), 0.580,  0.650,  0.720,  0.760,  0.860
    2        237_Age( (                         |         -*------------ ), 0.690,  0.710,  0.730,  0.820,  1.000
    3         87_Age( (                         |     ------*----------- ), 0.580,  0.640,  0.760,  0.860,  1.000
    3        116_Age( (                         |           --*--        ), 0.690,  0.750,  0.800,  0.820,  0.860
    4        145_Age( (                         |             -*---      ), 0.710,  0.790,  0.810,  0.820,  0.890
    5         29_Age( (                         |                       *), 0.920,  1.000,  1.000,  1.000,  1.000

-heart-prec+

    1         29_Age( (                    --*--|-                       ), 0.370,  0.410,  0.450,  0.500,  0.550
    2        145_Age( (                         |         --*---         ), 0.640,  0.720,  0.760,  0.820,  0.830
    2         87_Age( (                         |        ---*-----       ), 0.670,  0.700,  0.760,  0.810,  0.880
    2        116_Age( (                         |        ----*-----      ), 0.620,  0.690,  0.770,  0.810,  0.900
    2         58_Age( (                         |         ----*---       ), 0.620,  0.720,  0.790,  0.860,  0.880
    2        237_Age( (                         |           --*--        ), 0.620,  0.750,  0.800,  0.820,  0.850

-heart-acc+

    1         29_Age( (                     ----*---                     ), 0.400,  0.440,  0.520,  0.550,  0.600
    2         87_Age( (                         |           -*--         ), 0.730,  0.760,  0.780,  0.820,  0.830
    3        145_Age( (                         |             *---       ), 0.770,  0.790,  0.790,  0.820,  0.880
    3        116_Age( (                         |            -*---       ), 0.760,  0.770,  0.790,  0.830,  0.880
    3         58_Age( (                         |            -*--        ), 0.710,  0.770,  0.790,  0.810,  0.860
    4        237_Age( (                         |             -*---      ), 0.740,  0.790,  0.810,  0.850,  0.890

-heart-F1+

    1         29_Age( (                         |  -*-----               ), 0.540,  0.570,  0.600,  0.670,  0.710
    2         58_Age( (                         |       --*------        ), 0.640,  0.670,  0.710,  0.760,  0.860
    2         87_Age( (                         |        --*----         ), 0.640,  0.700,  0.730,  0.780,  0.830
    3        237_Age( (                         |          --*-----      ), 0.710,  0.740,  0.770,  0.780,  0.890
    3        145_Age( (                         |          --*--         ), 0.720,  0.730,  0.770,  0.820,  0.830
    3        116_Age( (                         |        ----*--         ), 0.690,  0.700,  0.780,  0.810,  0.830

-heart-FA0-

    1         29_Age( (*-------                 |                        ), 0.000,  0.000,  0.000,  0.070,  0.170
    2        145_Age( (        -*----           |                        ), 0.170,  0.180,  0.200,  0.230,  0.290
    3        116_Age( (         --*-------------|---                     ), 0.170,  0.190,  0.240,  0.290,  0.590
    3         87_Age( (        ----*----------- |                        ), 0.110,  0.180,  0.250,  0.380,  0.500
    4        237_Age( (            --*---       |                        ), 0.060,  0.250,  0.290,  0.290,  0.380
    5         58_Age( (             --*-------- |                        ), 0.200,  0.270,  0.310,  0.380,  0.500

-heart-FA1-

    1        237_Age( (*----                    |                        ), 0.000,  0.000,  0.000,  0.060,  0.110
    1        116_Age( (*----                    |                        ), 0.000,  0.000,  0.000,  0.060,  0.110
    1         29_Age( (*-                       |                        ), 0.000,  0.000,  0.000,  0.000,  0.050
    2         87_Age( (  *------                |                        ), 0.000,  0.050,  0.060,  0.110,  0.190
    3         58_Age( (  --*-----               |                        ), 0.000,  0.050,  0.100,  0.120,  0.210
    3        145_Age( (-----*---                |                        ), 0.000,  0.000,  0.110,  0.120,  0.190

-heart-AOD-

    1         29_Age( (--*-----------           |                        ), 0.000,  0.000,  0.050,  0.110,  0.300
    2        145_Age( (    -*------             |                        ), 0.060,  0.100,  0.120,  0.180,  0.260
    2         87_Age( (      -*-------          |                        ), 0.020,  0.140,  0.150,  0.260,  0.310
    2        237_Age( (    ---*----             |                        ), 0.020,  0.100,  0.160,  0.180,  0.260
    3         58_Age( (     ---*--------        |                        ), 0.080,  0.120,  0.180,  0.300,  0.360
    3        116_Age( (     ----*------         |                        ), 0.050,  0.110,  0.190,  0.290,  0.340

-heart-EOD-

    1         29_Age( (*-------                 |                        ), 0.000,  0.000,  0.000,  0.070,  0.170
    2        145_Age( (    ----*-----           |                        ), 0.060,  0.100,  0.170,  0.180,  0.290
    3        116_Age( (        -*---------------|---                     ), 0.100,  0.180,  0.200,  0.250,  0.590
    4         87_Age( (        ---*--------     |                        ), 0.060,  0.180,  0.240,  0.310,  0.420
    4         58_Age( (        ---*------       |                        ), 0.100,  0.170,  0.240,  0.350,  0.380
    4        237_Age( (         ---*-           |                        ), 0.060,  0.190,  0.250,  0.280,  0.290

-heart-SPD-

    1         29_Age( (--*-------------         |                        ), 0.000,  0.000,  0.050,  0.110,  0.330
    2        145_Age( (            --*-------   |                        ), 0.140,  0.250,  0.290,  0.330,  0.460
    2         87_Age( (          ----*----------|                        ), 0.130,  0.220,  0.300,  0.400,  0.540
    3         58_Age( (             -*----------|                        ), 0.210,  0.280,  0.300,  0.440,  0.510
    3        237_Age( (           -----*------  |                        ), 0.200,  0.230,  0.340,  0.380,  0.470
    4        116_Age( (            -------*-----|                        ), 0.190,  0.260,  0.400,  0.400,  0.510

-heart-DI-

    1         29_Age( (--*-------------         |                        ), 0.000,  0.000,  0.060,  0.110,  0.330
    2         87_Age( (               --*-------|--------                ), 0.200,  0.310,  0.360,  0.630,  0.690
    2         58_Age( (                   -*----|--------                ), 0.320,  0.390,  0.410,  0.590,  0.690
    2        145_Age( (                 ----*---|                        ), 0.200,  0.350,  0.430,  0.430,  0.520
    2        237_Age( (                -----*---|----                    ), 0.270,  0.340,  0.440,  0.530,  0.610
    2        116_Age( (                  -----*-|-----                   ), 0.270,  0.370,  0.470,  0.570,  0.630
-------------------------------------------------------------------------------------
Processing diabetes:  11%|███████████▊                                                                                              | 1/9 [00:00<00:05,  1.47it/s]
-diabetes-recall+

    1         64_Age( (                         |  --*---------------    ), 0.530,  0.580,  0.610,  0.790,  0.930
    1         96_Age( (                         |       *---------       ), 0.560,  0.670,  0.680,  0.810,  0.870
    1        128_Age( (                         |   ----*----------      ), 0.570,  0.590,  0.680,  0.740,  0.890
    1        160_Age( (                         |    ---*--------        ), 0.540,  0.610,  0.680,  0.680,  0.860
    2        614_Age( (                         |      -*------          ), 0.590,  0.650,  0.680,  0.750,  0.810
    3         32_Age( (                         |                       *), 1.000,  1.000,  1.000,  1.000,  1.000

-diabetes-prec+

    1         32_Age( (                       --*--                      ), 0.420,  0.470,  0.510,  0.530,  0.570
    2        128_Age( (                         |    *----               ), 0.540,  0.610,  0.620,  0.680,  0.710
    2         64_Age( (                         |   --*------------      ), 0.510,  0.600,  0.640,  0.690,  0.900
    2         96_Age( (                         |   --*----------        ), 0.570,  0.600,  0.640,  0.680,  0.860
    2        614_Age( (                         |  ----*---------        ), 0.550,  0.580,  0.660,  0.680,  0.850
    2        160_Age( (                         |   ----*----------      ), 0.560,  0.590,  0.670,  0.680,  0.890

-diabetes-acc+

    1         32_Age( (                       --*--                      ), 0.420,  0.470,  0.510,  0.530,  0.570
    2        160_Age( (                         |    -*-------           ), 0.580,  0.620,  0.640,  0.690,  0.800
    2         64_Age( (                         |     -*----             ), 0.550,  0.640,  0.650,  0.670,  0.760
    2        128_Age( (                         |    --*---              ), 0.560,  0.620,  0.650,  0.670,  0.730
    2        614_Age( (                         |      -*--              ), 0.580,  0.650,  0.670,  0.680,  0.730
    2         96_Age( (                         |    ---*--              ), 0.570,  0.620,  0.680,  0.690,  0.730

-diabetes-F1+

    1         64_Age( (                         |    --*---              ), 0.560,  0.610,  0.650,  0.710,  0.740
    1         96_Age( (                         |     -*---              ), 0.620,  0.630,  0.650,  0.680,  0.740
    1        128_Age( (                         |   ---*---              ), 0.560,  0.590,  0.650,  0.720,  0.730
    1        160_Age( (                         |   ---*-------          ), 0.540,  0.590,  0.660,  0.690,  0.810
    1         32_Age( (                         |     --*--              ), 0.590,  0.640,  0.680,  0.690,  0.730
    1        614_Age( (                         |      -*--              ), 0.590,  0.650,  0.680,  0.690,  0.740

-diabetes-FA0-

    1         32_Age( (*                        |                        ), 0.000,  0.000,  0.000,  0.000,  0.000
    2         96_Age( (               -*------  |                        ), 0.170,  0.310,  0.330,  0.360,  0.470
    2        160_Age( (               -*--------|--                      ), 0.260,  0.320,  0.340,  0.400,  0.570
    2        614_Age( (              ---*-----  |                        ), 0.210,  0.290,  0.350,  0.360,  0.470
    2         64_Age( (           --------*---- |                        ), 0.120,  0.240,  0.390,  0.440,  0.500
    2        128_Age( (               ----*-----|-----                   ), 0.130,  0.310,  0.390,  0.420,  0.640

-diabetes-FA1-

    1         32_Age( (*                        |                        ), 0.000,  0.000,  0.000,  0.000,  0.000
    2         64_Age( (  *------                |                        ), 0.030,  0.050,  0.060,  0.110,  0.200
    3        128_Age( ( --*                     |                        ), 0.030,  0.040,  0.080,  0.090,  0.100
    4        160_Age( (   *--                   |                        ), 0.060,  0.080,  0.080,  0.120,  0.130
    4        614_Age( (    *                    |                        ), 0.070,  0.090,  0.090,  0.100,  0.120
    5         96_Age( (  ---*----               |                        ), 0.040,  0.060,  0.110,  0.130,  0.210

-diabetes-AOD-

    1         32_Age( (*                        |                        ), 0.000,  0.000,  0.000,  0.000,  0.000
    2         96_Age( (   ----*------------     |                        ), 0.070,  0.080,  0.160,  0.240,  0.420
    3        614_Age( (    ---*---------        |                        ), 0.040,  0.100,  0.160,  0.210,  0.360
    4        160_Age( (       -*---------       |                        ), 0.120,  0.160,  0.170,  0.290,  0.380
    4         64_Age( (      -----*--------     |                        ), 0.080,  0.140,  0.240,  0.300,  0.420
    4        128_Age( (       ----*----         |                        ), 0.080,  0.160,  0.240,  0.260,  0.340

-diabetes-EOD-

    1         32_Age( (*                        |                        ), 0.000,  0.000,  0.000,  0.000,  0.000
    2         96_Age( (      ---*-----------    |                        ), 0.120,  0.140,  0.190,  0.270,  0.430
    3        614_Age( (         ---*------      |                        ), 0.110,  0.190,  0.250,  0.270,  0.400
    4        160_Age( (         ----*-------    |                        ), 0.160,  0.200,  0.280,  0.320,  0.430
    4        128_Age( (             -*----------|---                     ), 0.080,  0.280,  0.290,  0.340,  0.600
    4         64_Age( (          ------*-       |                        ), 0.090,  0.210,  0.330,  0.350,  0.370

-diabetes-SPD-

    1         32_Age( (*                        |                        ), 0.000,  0.000,  0.000,  0.000,  0.000
    2         96_Age( (       ----*------------ |                        ), 0.120,  0.160,  0.240,  0.370,  0.490
    3        614_Age( (           --*------     |                        ), 0.190,  0.240,  0.280,  0.320,  0.420
    4        160_Age( (             -*--------  |                        ), 0.240,  0.280,  0.300,  0.350,  0.480
    4        128_Age( (               *-------  |                        ), 0.210,  0.310,  0.310,  0.380,  0.480
    4         64_Age( (               --*----   |                        ), 0.140,  0.310,  0.360,  0.390,  0.450

-diabetes-DI-

    1         32_Age( (*                        |                        ), 0.000,  0.000,  0.000,  0.000,  0.000
    2         96_Age( (          -------*-------|                        ), 0.150,  0.220,  0.350,  0.470,  0.540
    3        614_Age( (               --*------ |                        ), 0.260,  0.310,  0.350,  0.400,  0.500
    4        160_Age( (                --*------|-----                   ), 0.300,  0.340,  0.370,  0.400,  0.640
    4        128_Age( (                 --*-----|--                      ), 0.270,  0.350,  0.390,  0.430,  0.570
    4         64_Age( (                 ----*---|--                      ), 0.150,  0.350,  0.440,  0.470,  0.580
-------------------------------------------------------------------------------------
Processing communities:  22%|██████████████████████▉                                                                                | 2/9 [00:01<00:05,  1.28it/s]
-communities-recall+

    1 64_Racepctwhite( (                         |       *--------------- ), 0.500,  0.670,  0.670,  1.000,  1.000
    1 98_Racepctwhite( (                         |       ----*----------- ), 0.670,  0.670,  0.750,  1.000,  1.000
    1 48_Racepctwhite( (                         |       ------*--------- ), 0.500,  0.670,  0.800,  0.890,  1.000
    1 80_Racepctwhite( (                         |           --*--------- ), 0.670,  0.750,  0.800,  0.830,  1.000
    2 32_Racepctwhite( (                         |       --------*------- ), 0.500,  0.670,  0.830,  1.000,  1.000
    3 16_Racepctwhite( (                         |                       *), 1.000,  1.000,  1.000,  1.000,  1.000

-communities-prec+

    1 16_Racepctwhite( (             ----*-------|----------------------- ), 0.100,  0.270,  0.360,  0.460,  1.000
    2 32_Racepctwhite( (                         |       --------*------- ), 0.330,  0.670,  0.830,  1.000,  1.000
    3 98_Racepctwhite( (                         |             --*------- ), 0.500,  0.800,  0.830,  1.000,  1.000
    3 64_Racepctwhite( (                         |             ----------*), 0.500,  0.800,  1.000,  1.000,  1.000
    3 48_Racepctwhite( (                         |               --------*), 0.670,  0.830,  1.000,  1.000,  1.000
    3 80_Racepctwhite( (                         |             ----------*), 0.330,  0.800,  1.000,  1.000,  1.000

-communities-acc+

    1 16_Racepctwhite( (               ---*------|-------------           ), 0.180,  0.310,  0.380,  0.500,  0.800
    2 64_Racepctwhite( (                         |               -*---    ), 0.800,  0.830,  0.850,  0.910,  0.940
    2 32_Racepctwhite( (                         |               -*------ ), 0.670,  0.830,  0.860,  0.870,  1.000
    3 48_Racepctwhite( (                         |                *------ ), 0.830,  0.860,  0.860,  0.920,  1.000
    4 98_Racepctwhite( (                         |               ----*    ), 0.800,  0.830,  0.910,  0.920,  0.930
    5 80_Racepctwhite( (                         |                ---*    ), 0.820,  0.860,  0.920,  0.930,  0.940

-communities-F1+

    1 16_Racepctwhite( (                     ----|*----------             ), 0.180,  0.430,  0.530,  0.630,  0.750
    2 64_Racepctwhite( (                         |       ---*--------     ), 0.500,  0.670,  0.730,  0.800,  0.910
    2 32_Racepctwhite( (                         |  -----------*--------- ), 0.330,  0.570,  0.800,  0.830,  1.000
    2 98_Racepctwhite( (                         |          ---*-----     ), 0.570,  0.730,  0.800,  0.860,  0.910
    3 48_Racepctwhite( (                         |             *--------- ), 0.500,  0.800,  0.800,  0.860,  1.000
    3 80_Racepctwhite( (                         |           ----*----    ), 0.500,  0.750,  0.830,  0.890,  0.940

-communities-FA0-

    1 16_Racepctwhite( (*----------------------- |                        ), 0.000,  0.000,  0.000,  0.000,  0.500
    2 32_Racepctwhite( (---------*---------------|------------------      ), 0.000,  0.000,  0.200,  0.330,  0.890
    3 48_Racepctwhite( (        ----*------------|-------                 ), 0.000,  0.170,  0.250,  0.330,  0.670
    3 80_Racepctwhite( (        ----*------------|----------------------- ), 0.110,  0.170,  0.250,  0.330,  1.000
    3 64_Racepctwhite( (            ----*--------|-------                 ), 0.000,  0.250,  0.330,  0.330,  0.670
    3 98_Racepctwhite( (        --------*------- |                        ), 0.000,  0.170,  0.330,  0.330,  0.500

-communities-FA1-

    1 32_Racepctwhite( (*--------                |                        ), 0.000,  0.000,  0.000,  0.100,  0.200
    1 16_Racepctwhite( (*----                    |                        ), 0.000,  0.000,  0.000,  0.000,  0.110
    2 98_Racepctwhite( (   -*----                |                        ), 0.000,  0.080,  0.100,  0.110,  0.200
    2 80_Racepctwhite( (----*---                 |                        ), 0.000,  0.000,  0.100,  0.100,  0.170
    3 64_Racepctwhite( (    ----*----            |                        ), 0.000,  0.100,  0.170,  0.200,  0.270
    3 48_Racepctwhite( (     ---*                |                        ), 0.000,  0.120,  0.170,  0.200,  0.200

-communities-AOD-

    1 16_Racepctwhite( (--*------                |                        ), 0.000,  0.000,  0.050,  0.100,  0.200
    2 98_Racepctwhite( (             -------*----|------                  ), 0.080,  0.280,  0.420,  0.540,  0.660
    3 80_Racepctwhite( (                    ----*|---------------------   ), 0.080,  0.420,  0.500,  0.560,  0.950
    3 64_Racepctwhite( (                      ---|*-----                  ), 0.160,  0.450,  0.530,  0.560,  0.660
    3 32_Racepctwhite( (                    -----|-*------------------    ), 0.320,  0.420,  0.550,  0.630,  0.940
    3 48_Racepctwhite( (                    -----|-*---                   ), 0.040,  0.420,  0.560,  0.560,  0.630

-communities-EOD-

    1 16_Racepctwhite( (*------------------      |                        ), 0.000,  0.000,  0.000,  0.000,  0.390
    2 48_Racepctwhite( (     -*------------------|-------                 ), 0.070,  0.110,  0.130,  0.200,  0.670
    2 98_Racepctwhite( (    ---*--------         |                        ), 0.070,  0.100,  0.160,  0.330,  0.330
    2 80_Racepctwhite( (    ---*-----------------|----------------------- ), 0.070,  0.100,  0.160,  0.220,  1.000
    2 32_Racepctwhite( (    -----*---------------|------------------      ), 0.000,  0.090,  0.200,  0.330,  0.890
    2 64_Racepctwhite( (      ----*--------------|--                      ), 0.080,  0.130,  0.220,  0.250,  0.570

-communities-SPD-

    1 16_Racepctwhite( (---*---------------------|---                     ), 0.000,  0.000,  0.070,  0.120,  0.600
    2 48_Racepctwhite( (                         |*--------------         ), 0.460,  0.520,  0.530,  0.690,  0.840
    2 64_Racepctwhite( (                         |---*----------          ), 0.460,  0.530,  0.600,  0.690,  0.820
    3 98_Racepctwhite( (                         | --*-------             ), 0.470,  0.550,  0.600,  0.690,  0.760
    3 80_Racepctwhite( (                         | --*---------------     ), 0.480,  0.550,  0.600,  0.710,  0.910
    4 32_Racepctwhite( (                         |  ------*-----------    ), 0.480,  0.580,  0.690,  0.730,  0.940

-communities-DI-

    1 16_Racepctwhite( (---*---------------------|-----------             ), 0.000,  0.000,  0.070,  0.120,  0.750
    2 48_Racepctwhite( (                         |     -*------------     ), 0.560,  0.640,  0.650,  0.810,  0.920
    2 64_Racepctwhite( (                         |      --*----------     ), 0.560,  0.650,  0.700,  0.810,  0.910
    2 98_Racepctwhite( (                         |    ----*------         ), 0.560,  0.610,  0.700,  0.800,  0.830
    2 80_Racepctwhite( (                         |    -----*---------     ), 0.530,  0.610,  0.710,  0.740,  0.910
    2 32_Racepctwhite( (                         |     -----*---------    ), 0.530,  0.630,  0.730,  0.770,  0.940
-------------------------------------------------------------------------------------
Processing germancredit:  33%|██████████████████████████████████                                                                    | 3/9 [00:02<00:04,  1.29it/s]
-germancredit-recall+

    1         96_sex( (                         |               --*--    ), 0.790,  0.840,  0.880,  0.920,  0.940
    1        128_sex( (                         |                 -*     ), 0.810,  0.870,  0.890,  0.910,  0.920
    2        160_sex( (                         |                 -*---  ), 0.790,  0.870,  0.890,  0.930,  0.970
    2         64_sex( (                         |                 -*---- ), 0.810,  0.880,  0.900,  0.970,  1.000
    2        800_sex( (                         |                 --*--  ), 0.830,  0.870,  0.910,  0.930,  0.970
    3         32_sex( (                         |                   -*-- ), 0.880,  0.910,  0.930,  0.950,  1.000

-germancredit-prec+

    1         32_sex( (                         |     --*---             ), 0.580,  0.630,  0.670,  0.680,  0.760
    2         64_sex( (                         |     ---*---            ), 0.560,  0.640,  0.690,  0.720,  0.770
    2         96_sex( (                         |     ---*--             ), 0.590,  0.640,  0.690,  0.730,  0.760
    2        128_sex( (                         |     ---*---            ), 0.590,  0.640,  0.690,  0.710,  0.780
    2        800_sex( (                         |      --*---            ), 0.580,  0.650,  0.700,  0.720,  0.770
    2        160_sex( (                         |     ----*--            ), 0.590,  0.630,  0.710,  0.730,  0.770

-germancredit-acc+

    1         96_sex( (                         |   --*-----             ), 0.590,  0.600,  0.630,  0.710,  0.760
    1        800_sex( (                         |     -*-----            ), 0.570,  0.630,  0.650,  0.720,  0.780
    1         64_sex( (                         |   ---*-----            ), 0.560,  0.600,  0.650,  0.720,  0.780
    1        160_sex( (                         |   ---*-----            ), 0.580,  0.600,  0.650,  0.720,  0.780
    1         32_sex( (                         |     -*-----            ), 0.570,  0.630,  0.660,  0.670,  0.770
    1        128_sex( (                         |    --*----             ), 0.580,  0.610,  0.660,  0.690,  0.760

-germancredit-F1+

    1         96_sex( (                         |         -*----         ), 0.690,  0.720,  0.740,  0.810,  0.840
    1        160_sex( (                         |          -*----        ), 0.700,  0.730,  0.750,  0.820,  0.860
    1         64_sex( (                         |          -*----        ), 0.710,  0.730,  0.760,  0.820,  0.860
    1        128_sex( (                         |          -*---         ), 0.700,  0.730,  0.760,  0.800,  0.840
    1        800_sex( (                         |           -*---        ), 0.700,  0.750,  0.770,  0.820,  0.860
    1         32_sex( (                         |           -*--         ), 0.710,  0.750,  0.780,  0.800,  0.840

-germancredit-FA0-

    1         32_sex( (  --*-                   |                        ), 0.000,  0.050,  0.090,  0.110,  0.140
    2         64_sex( (    -*----               |                        ), 0.020,  0.090,  0.110,  0.160,  0.220
    3        800_sex( (   --*---                |                        ), 0.060,  0.080,  0.120,  0.160,  0.190
    4        128_sex( (     *---                |                        ), 0.090,  0.110,  0.120,  0.140,  0.200
    4        160_sex( (   --*----               |                        ), 0.060,  0.080,  0.120,  0.160,  0.220
    4         96_sex( (    --*---               |                        ), 0.070,  0.090,  0.140,  0.190,  0.220

-germancredit-FA1-

    1         32_sex( (*-                       |                        ), 0.000,  0.000,  0.000,  0.010,  0.060
    2         64_sex( (*-                       |                        ), 0.000,  0.010,  0.020,  0.030,  0.050
    2         96_sex( (*--                      |                        ), 0.010,  0.020,  0.020,  0.040,  0.080
    2        128_sex( (*---                     |                        ), 0.010,  0.020,  0.020,  0.030,  0.090
    3        160_sex( (-*                       |                        ), 0.010,  0.020,  0.030,  0.030,  0.060
    4        800_sex( ( *-                      |                        ), 0.030,  0.030,  0.040,  0.050,  0.070

-germancredit-AOD-

    1         32_sex( (    -*---                |                        ), 0.020,  0.100,  0.110,  0.120,  0.200
    1        800_sex( (   --*-----              |                        ), 0.060,  0.080,  0.120,  0.150,  0.230
    2        128_sex( (     *------             |                        ), 0.080,  0.110,  0.120,  0.190,  0.260
    2         64_sex( (     -*-----             |                        ), 0.080,  0.110,  0.140,  0.200,  0.250
    2        160_sex( (    --*---               |                        ), 0.060,  0.100,  0.140,  0.200,  0.220
    2         96_sex( (     --*-                |                        ), 0.090,  0.120,  0.160,  0.180,  0.200

-germancredit-EOD-

    1         32_sex( ( --*--                   |                        ), 0.010,  0.040,  0.070,  0.100,  0.140
    1        800_sex( ( --*--                   |                        ), 0.020,  0.040,  0.080,  0.120,  0.140
    2        160_sex( (  --*-----               |                        ), 0.030,  0.050,  0.090,  0.140,  0.210
    3         64_sex( (   -*-----               |                        ), 0.010,  0.070,  0.100,  0.120,  0.220
    3         96_sex( (   -*----                |                        ), 0.030,  0.080,  0.100,  0.140,  0.200
    3        128_sex( (   -*----                |                        ), 0.060,  0.080,  0.100,  0.120,  0.190

-germancredit-SPD-

    1        800_sex( (    *---                 |                        ), 0.070,  0.090,  0.100,  0.140,  0.170
    2         32_sex( (    -*-                  |                        ), 0.010,  0.090,  0.110,  0.110,  0.150
    3         64_sex( (     *-----              |                        ), 0.060,  0.110,  0.120,  0.140,  0.230
    3        160_sex( (     *---                |                        ), 0.070,  0.110,  0.120,  0.160,  0.190
    4        128_sex( (     -*--                |                        ), 0.080,  0.110,  0.130,  0.160,  0.200
    5         96_sex( (     -*--                |                        ), 0.100,  0.110,  0.140,  0.170,  0.190

-germancredit-DI-

    1        800_sex( (    -*--                 |                        ), 0.080,  0.090,  0.110,  0.150,  0.170
    1         32_sex( (     *-                  |                        ), 0.000,  0.100,  0.110,  0.120,  0.150
    2         64_sex( (     -*----              |                        ), 0.060,  0.110,  0.130,  0.140,  0.230
    3        160_sex( (     -*--                |                        ), 0.080,  0.120,  0.130,  0.170,  0.200
    3        128_sex( (     -*---               |                        ), 0.090,  0.110,  0.140,  0.170,  0.210
    3         96_sex( (     --*-                |                        ), 0.100,  0.110,  0.150,  0.180,  0.200
-------------------------------------------------------------------------------------
Processing compas:  44%|████████████████████████████████████████████████                                                            | 4/9 [00:03<00:03,  1.26it/s]
-compas-recall+

    1       128_race( (     -*----              |                        ), 0.110,  0.120,  0.130,  0.140,  0.230
    2       256_race( (                         |    -*--                ), 0.600,  0.620,  0.640,  0.660,  0.690
    2      4937_race( (                         |   --*                  ), 0.600,  0.600,  0.640,  0.650,  0.660
    3       512_race( (                         |     -*--               ), 0.630,  0.630,  0.660,  0.710,  0.720
    3       384_race( (                         |      -*                ), 0.630,  0.660,  0.670,  0.680,  0.700
    3       640_race( (                         |      -*-               ), 0.620,  0.650,  0.680,  0.690,  0.710
    1        128_sex( (------*-----------       |                        ), 0.000,  0.000,  0.140,  0.150,  0.370
    2       4937_sex( (                         |     *                  ), 0.600,  0.630,  0.640,  0.640,  0.660
    3        512_sex( (                         |     -*--               ), 0.600,  0.640,  0.660,  0.670,  0.720
    3        640_sex( (                         |    --*-                ), 0.590,  0.620,  0.660,  0.680,  0.690
    4        384_sex( (                         |      --*               ), 0.630,  0.650,  0.690,  0.710,  0.720
    4        256_sex( (                         |       -*-              ), 0.610,  0.670,  0.700,  0.710,  0.730

-compas-prec+

    1       128_race( (                         |  --*--                 ), 0.540,  0.570,  0.610,  0.650,  0.670
    2       384_race( (                         |     *-                 ), 0.600,  0.630,  0.640,  0.660,  0.670
    2       256_race( (                         |     *-                 ), 0.620,  0.640,  0.640,  0.670,  0.670
    2       512_race( (                         |     *---               ), 0.620,  0.630,  0.640,  0.680,  0.710
    2      4937_race( (                         |     *                  ), 0.630,  0.630,  0.640,  0.650,  0.660
    2       640_race( (                         |     -*-                ), 0.610,  0.640,  0.650,  0.660,  0.690
    1        128_sex( (-------------------------|---*-                   ), 0.000,  0.000,  0.590,  0.610,  0.630
    2        384_sex( (                         |    -*-                 ), 0.620,  0.620,  0.630,  0.660,  0.680
    2        640_sex( (                         |    -*-                 ), 0.610,  0.610,  0.630,  0.660,  0.670
    2       4937_sex( (                         |    -*                  ), 0.610,  0.620,  0.630,  0.650,  0.650
    3        256_sex( (                         |     *--                ), 0.600,  0.630,  0.640,  0.650,  0.700
    3        512_sex( (                         |     *-                 ), 0.620,  0.640,  0.640,  0.660,  0.670

-compas-acc+

    1       128_race( (                         *                        ), 0.500,  0.510,  0.510,  0.530,  0.530
    2      4937_race( (                         |     *                  ), 0.620,  0.630,  0.630,  0.640,  0.640
    3       384_race( (                         |     *                  ), 0.620,  0.630,  0.640,  0.650,  0.650
    3       256_race( (                         |     *                  ), 0.630,  0.630,  0.640,  0.640,  0.640
    4       640_race( (                         |     *--                ), 0.620,  0.630,  0.640,  0.650,  0.690
    5       512_race( (                         |     -*                 ), 0.630,  0.640,  0.650,  0.650,  0.670
    1        128_sex( (                       --*-                       ), 0.470,  0.480,  0.510,  0.520,  0.550
    2        256_sex( (                         |    *--                 ), 0.600,  0.620,  0.620,  0.650,  0.670
    2        640_sex( (                         |    *-                  ), 0.610,  0.620,  0.620,  0.640,  0.650
    2       4937_sex( (                         |    *                   ), 0.600,  0.610,  0.620,  0.620,  0.630
    3        384_sex( (                         |     *                  ), 0.620,  0.630,  0.630,  0.630,  0.640
    3        512_sex( (                         |    -*                  ), 0.620,  0.620,  0.630,  0.640,  0.660

-compas-F1+

    1       128_race( (         -*-----         |                        ), 0.180,  0.200,  0.210,  0.230,  0.340
    2      4937_race( (                         |    -*                  ), 0.610,  0.620,  0.630,  0.640,  0.650
    3       384_race( (                         |     *-                 ), 0.630,  0.640,  0.640,  0.660,  0.680
    3       256_race( (                         |     *                  ), 0.620,  0.630,  0.640,  0.650,  0.660
    4       512_race( (                         |     -*                 ), 0.630,  0.640,  0.660,  0.670,  0.670
    4       640_race( (                         |      *-                ), 0.620,  0.650,  0.660,  0.660,  0.690
    1        128_sex( (-----------*----------   |                        ), 0.000,  0.000,  0.230,  0.240,  0.450
    2       4937_sex( (                         |    -*                  ), 0.620,  0.620,  0.630,  0.640,  0.640
    3        512_sex( (                         |     *-                 ), 0.630,  0.630,  0.640,  0.650,  0.680
    3        640_sex( (                         |    -*-                 ), 0.610,  0.620,  0.640,  0.650,  0.670
    4        384_sex( (                         |     -*                 ), 0.640,  0.640,  0.650,  0.660,  0.670
    5        256_sex( (                         |      *                 ), 0.620,  0.650,  0.650,  0.660,  0.680

-compas-FA0-

    1       384_race( (               -*-       |                        ), 0.320,  0.320,  0.330,  0.360,  0.370
    1       640_race( (               -*--      |                        ), 0.290,  0.310,  0.330,  0.380,  0.390
    1       512_race( (                -*       |                        ), 0.280,  0.330,  0.360,  0.370,  0.370
    2       256_race( (                --*-     |                        ), 0.330,  0.340,  0.370,  0.390,  0.420
    3      4937_race( (                 -*-     |                        ), 0.340,  0.360,  0.370,  0.400,  0.420
    4       128_race( (                         |                -*      ), 0.850,  0.860,  0.880,  0.890,  0.900
    1        256_sex( (              *-----     |                        ), 0.290,  0.290,  0.300,  0.390,  0.410
    1        384_sex( (               -*--      |                        ), 0.280,  0.310,  0.330,  0.350,  0.400
    2        512_sex( (                -*-      |                        ), 0.310,  0.330,  0.350,  0.360,  0.400
    2        640_sex( (               --*---    |                        ), 0.320,  0.320,  0.350,  0.380,  0.430
    3       4937_sex( (                 -*      |                        ), 0.350,  0.360,  0.370,  0.390,  0.400
    4        128_sex( (                         |                -------*), 0.840,  0.850,  1.000,  1.000,  1.000

-compas-FA1-

    1       384_race( (         --*----         |                        ), 0.150,  0.200,  0.240,  0.260,  0.340
    2       640_race( (           -*---         |                        ), 0.200,  0.230,  0.250,  0.310,  0.330
    3       512_race( (           -*---         |                        ), 0.200,  0.230,  0.260,  0.290,  0.340
    4       256_race( (          ----*--        |                        ), 0.190,  0.220,  0.290,  0.320,  0.350
    4      4937_race( (             -*          |                        ), 0.260,  0.270,  0.290,  0.310,  0.320
    5       128_race( (                         |                   ----*), 0.710,  0.910,  1.000,  1.000,  1.000
    1        384_sex( (     -----*              |                        ), 0.100,  0.120,  0.220,  0.230,  0.240
    2        640_sex( (         -*---           |                        ), 0.170,  0.190,  0.220,  0.250,  0.290
    3        512_sex( (           *---          |                        ), 0.210,  0.230,  0.230,  0.260,  0.310
    3        256_sex( (          --*----        |                        ), 0.130,  0.210,  0.250,  0.310,  0.350
    4       4937_sex( (            *            |                        ), 0.250,  0.250,  0.250,  0.260,  0.270
    5        128_sex( (                        -|-----*---               ), 0.430,  0.490,  0.630,  0.660,  0.710

-compas-AOD-

    1       128_race( (    -*-------------------|------------            ), 0.020,  0.100,  0.120,  0.180,  0.770
    2       512_race( (    -*------             |                        ), 0.060,  0.090,  0.120,  0.140,  0.260
    3       256_race( (    --*--------          |                        ), 0.100,  0.100,  0.140,  0.240,  0.320
    3       640_race( (     -*----              |                        ), 0.100,  0.120,  0.140,  0.200,  0.230
    3      4937_race( (     -*---               |                        ), 0.080,  0.110,  0.140,  0.140,  0.210
    3       384_race( (     --*---              |                        ), 0.080,  0.120,  0.150,  0.200,  0.240
    1        256_sex( (  -*-----                |                        ), 0.030,  0.060,  0.080,  0.120,  0.200
    2       4937_sex( (     *--                 |                        ), 0.080,  0.120,  0.120,  0.160,  0.180
    2        640_sex( (     -*----              |                        ), 0.100,  0.110,  0.130,  0.200,  0.240
    2        512_sex( (    ---*-------          |                        ), 0.030,  0.100,  0.160,  0.180,  0.320
    3        384_sex( (       --*---            |                        ), 0.110,  0.150,  0.190,  0.200,  0.270
    4        128_sex( (                  -*-----|                        ), 0.270,  0.380,  0.390,  0.500,  0.540

-compas-EOD-

    1       256_race( (  -*--------             |                        ), 0.030,  0.060,  0.080,  0.170,  0.250
    1       512_race( (   *-----                |                        ), 0.050,  0.080,  0.080,  0.100,  0.200
    1      4937_race( (   -*--                  |                        ), 0.030,  0.080,  0.090,  0.110,  0.150
    1       640_race( (   --*-                  |                        ), 0.040,  0.070,  0.110,  0.120,  0.160
    2       384_race( (   --*---                |                        ), 0.030,  0.070,  0.120,  0.170,  0.200
    3       128_race( (     -*------------------|------------            ), 0.030,  0.110,  0.140,  0.180,  0.770
    1        256_sex( (  --*----                |                        ), 0.020,  0.060,  0.100,  0.160,  0.190
    2       4937_sex( (     *-                  |                        ), 0.100,  0.110,  0.120,  0.130,  0.150
    2        512_sex( (   ---*-----             |                        ), 0.040,  0.080,  0.130,  0.140,  0.260
    3        640_sex( (    --*----              |                        ), 0.090,  0.100,  0.140,  0.190,  0.240
    3        384_sex( (      -*--               |                        ), 0.090,  0.140,  0.160,  0.180,  0.210
    4        128_sex( (                -*-----  |                        ), 0.210,  0.330,  0.350,  0.410,  0.470

-compas-SPD-

    1       128_race( (    -*-------------------|------------            ), 0.020,  0.100,  0.110,  0.180,  0.770
    2       512_race( (     -*------            |                        ), 0.090,  0.120,  0.140,  0.160,  0.280
    2      4937_race( (      -*--               |                        ), 0.100,  0.130,  0.150,  0.150,  0.220
    3       384_race( (      -*----             |                        ), 0.100,  0.130,  0.160,  0.210,  0.260
    3       256_race( (     --*--------         |                        ), 0.110,  0.120,  0.160,  0.240,  0.330
    3       640_race( (      -*---              |                        ), 0.110,  0.140,  0.160,  0.200,  0.240
    1        256_sex( (    --*----              |                        ), 0.050,  0.100,  0.130,  0.170,  0.240
    2       4937_sex( (       *-                |                        ), 0.130,  0.160,  0.160,  0.180,  0.200
    2        640_sex( (       -*---             |                        ), 0.120,  0.150,  0.170,  0.230,  0.260
    2        512_sex( (      --*-------         |                        ), 0.090,  0.130,  0.180,  0.200,  0.330
    3        384_sex( (        --*--            |                        ), 0.140,  0.180,  0.220,  0.230,  0.270
    4        128_sex( (                 -*------|                        ), 0.270,  0.360,  0.370,  0.470,  0.520

-compas-DI-

    1       512_race( (        --*------        |                        ), 0.140,  0.180,  0.210,  0.230,  0.360
    2       640_race( (          -*----         |                        ), 0.170,  0.210,  0.230,  0.270,  0.340
    2      4937_race( (          -*---          |                        ), 0.160,  0.210,  0.230,  0.240,  0.320
    2       384_race( (         --*----         |                        ), 0.150,  0.190,  0.240,  0.280,  0.340
    3       256_race( (         ---*-------     |                        ), 0.170,  0.190,  0.250,  0.330,  0.410
    1        256_sex( (      ---*----           |                        ), 0.090,  0.140,  0.200,  0.230,  0.300
    2       4937_sex( (           *-            |                        ), 0.190,  0.230,  0.230,  0.260,  0.280
    2        512_sex( (        ----*------      |                        ), 0.130,  0.180,  0.250,  0.290,  0.390
    2        640_sex( (           -*----        |                        ), 0.180,  0.230,  0.250,  0.320,  0.360
    3        384_sex( (            -*--         |                        ), 0.210,  0.250,  0.270,  0.300,  0.340
    4        128_sex( (                         |             ----------*), 0.690,  0.790,  1.000,  1.000,  1.000
-------------------------------------------------------------------------------------
Processing studentperformance:  56%|█████████████████████████████████████████████████████▎                                          | 5/9 [00:04<00:03,  1.06it/s]
-studentperformance-recall+

    1         32_sex( (*                        |                        ), 0.000,  0.000,  0.000,  0.000,  0.000
    2         64_sex( (                         |           ---*--       ), 0.660,  0.760,  0.810,  0.840,  0.870
    3         96_sex( (                         |              -*----    ), 0.780,  0.820,  0.840,  0.910,  0.940
    3        835_sex( (                         |               *----    ), 0.820,  0.840,  0.840,  0.910,  0.940
    3        128_sex( (                         |               -*-      ), 0.790,  0.840,  0.850,  0.880,  0.900
    4        160_sex( (                         |             ----*--    ), 0.800,  0.800,  0.880,  0.900,  0.930

-studentperformance-prec+

    1         32_sex( (*                        |                        ), 0.000,  0.000,  0.000,  0.000,  0.000
    2        128_sex( (                         |                  *--   ), 0.860,  0.890,  0.900,  0.950,  0.960
    3         96_sex( (                         |                  -*-   ), 0.900,  0.900,  0.910,  0.930,  0.960
    4         64_sex( (                         |                   -*-  ), 0.880,  0.910,  0.930,  0.940,  0.970
    4        835_sex( (                         |                   -*   ), 0.910,  0.920,  0.930,  0.930,  0.950
    4        160_sex( (                         |                   -*-  ), 0.860,  0.920,  0.930,  0.970,  0.980

-studentperformance-acc+

    1         32_sex( (                         | -*-                    ), 0.520,  0.560,  0.570,  0.610,  0.620
    2         64_sex( (                         |                 *-     ), 0.830,  0.870,  0.880,  0.890,  0.910
    3         96_sex( (                         |                 -*--   ), 0.880,  0.880,  0.900,  0.920,  0.950
    3        128_sex( (                         |                  *-    ), 0.880,  0.890,  0.900,  0.910,  0.930
    4        835_sex( (                         |                  -*-   ), 0.880,  0.900,  0.910,  0.930,  0.950
    5        160_sex( (                         |                  --*   ), 0.870,  0.900,  0.930,  0.930,  0.940

-studentperformance-F1+

    1         32_sex( (*                        |                        ), 0.000,  0.000,  0.000,  0.000,  0.000
    2         64_sex( (                         |              --*-      ), 0.780,  0.820,  0.850,  0.870,  0.890
    3        128_sex( (                         |                -*-     ), 0.840,  0.860,  0.870,  0.890,  0.910
    4         96_sex( (                         |                -*---   ), 0.840,  0.860,  0.880,  0.910,  0.950
    4        835_sex( (                         |                 *--    ), 0.840,  0.880,  0.880,  0.920,  0.930
    5        160_sex( (                         |                 --*    ), 0.860,  0.880,  0.910,  0.920,  0.930

-studentperformance-FA0-

    1        160_sex( (    --*---               |                        ), 0.090,  0.100,  0.140,  0.200,  0.210
    1        835_sex( (       *---              |                        ), 0.070,  0.160,  0.160,  0.170,  0.240
    1        128_sex( (      -*--               |                        ), 0.110,  0.140,  0.160,  0.200,  0.220
    1         96_sex( (     ---*-               |                        ), 0.070,  0.110,  0.170,  0.180,  0.220
    2         64_sex( (         *--------       |                        ), 0.160,  0.190,  0.200,  0.300,  0.370
    3         32_sex( (                         |                       *), 1.000,  1.000,  1.000,  1.000,  1.000

-studentperformance-FA1-

    1        160_sex( (    -*                   |                        ), 0.080,  0.090,  0.110,  0.120,  0.130
    2        835_sex( (    --*--                |                        ), 0.080,  0.090,  0.140,  0.170,  0.200
    2         96_sex( (     --*-                |                        ), 0.060,  0.120,  0.160,  0.170,  0.190
    2        128_sex( (     --*-                |                        ), 0.080,  0.120,  0.160,  0.170,  0.200
    3         64_sex( (       --*------         |                        ), 0.120,  0.160,  0.190,  0.200,  0.330
    4         32_sex( (                         |                       *), 1.000,  1.000,  1.000,  1.000,  1.000

-studentperformance-AOD-

    1         32_sex( (*                        |                        ), 0.000,  0.000,  0.000,  0.000,  0.000
    2        128_sex( (*-                       |                        ), 0.000,  0.010,  0.020,  0.050,  0.060
    3         96_sex( (-*                       |                        ), 0.010,  0.020,  0.030,  0.050,  0.060
    3        835_sex( ( *                       |                        ), 0.010,  0.030,  0.030,  0.040,  0.060
    3        160_sex( (-*-                      |                        ), 0.010,  0.020,  0.030,  0.060,  0.080
    4         64_sex( ( *---                    |                        ), 0.010,  0.030,  0.040,  0.070,  0.110

-studentperformance-EOD-

    1         32_sex( (*                        |                        ), 0.000,  0.000,  0.000,  0.000,  0.000
    2         64_sex( ( *------                 |                        ), 0.020,  0.040,  0.040,  0.110,  0.180
    3        160_sex( ( *--                     |                        ), 0.020,  0.030,  0.040,  0.090,  0.100
    3         96_sex( (--*-                     |                        ), 0.010,  0.010,  0.050,  0.080,  0.100
    3        128_sex( ( -*--                    |                        ), 0.010,  0.040,  0.050,  0.070,  0.110
    3        835_sex( ( -*-                     |                        ), 0.010,  0.040,  0.060,  0.080,  0.100

-studentperformance-SPD-

    1         32_sex( (*                        |                        ), 0.000,  0.000,  0.000,  0.000,  0.000
    2        160_sex( (*---                     |                        ), 0.000,  0.020,  0.020,  0.040,  0.090
    3         64_sex( ( *                       |                        ), 0.010,  0.030,  0.040,  0.060,  0.060
    3         96_sex( ( *--                     |                        ), 0.030,  0.040,  0.040,  0.070,  0.090
    3        835_sex( (-*-                      |                        ), 0.020,  0.020,  0.040,  0.070,  0.080
    4        128_sex( ( -*-                     |                        ), 0.030,  0.040,  0.060,  0.080,  0.100

-studentperformance-DI-

    1        128_sex( (    --*-------           |                        ), -0.290,  -0.170,  -0.120,  -0.020,  0.090
    1         96_sex( (        -*------         |                        ), -0.260,  -0.150,  -0.110,  -0.080,  0.080
    1         64_sex( (    *----------          |                        ), -0.190,  -0.110,  -0.100,  0.020,  0.170
    1        835_sex( (   ---*-----             |                        ), -0.260,  -0.180,  -0.100,  -0.040,  0.060
    2        160_sex( (        -*---            |                        ), -0.240,  -0.080,  -0.050,  0.010,  0.050
-------------------------------------------------------------------------------------
Processing bankmarketing:  67%|███████████████████████████████████████████████████████████████████▎                                 | 6/9 [00:04<00:02,  1.24it/s]
-bankmarketing-recall+

    1        128_Age( (*                        |                        ), 0.000,  0.000,  0.000,  0.000,  0.000
    2        256_Age( (                         |         ---*--         ), 0.700,  0.720,  0.780,  0.820,  0.840
    2        512_Age( (                         |           -*--         ), 0.760,  0.760,  0.780,  0.790,  0.830
    3        384_Age( (                         |            -*          ), 0.740,  0.770,  0.790,  0.810,  0.820
    3        640_Age( (                         |            -*          ), 0.770,  0.780,  0.790,  0.810,  0.810
    4       8929_Age( (                         |              *         ), 0.800,  0.810,  0.820,  0.820,  0.830

-bankmarketing-prec+

    1        128_Age( (*                        |                        ), 0.000,  0.000,  0.000,  0.000,  0.000
    2        256_Age( (                         |          -*-           ), 0.710,  0.740,  0.750,  0.760,  0.800
    3        384_Age( (                         |           *            ), 0.750,  0.750,  0.760,  0.770,  0.780
    4        640_Age( (                         |           *-           ), 0.750,  0.760,  0.760,  0.770,  0.790
    5       8929_Age( (                         |            *           ), 0.770,  0.770,  0.780,  0.780,  0.790
    5        512_Age( (                         |           -*           ), 0.730,  0.760,  0.780,  0.780,  0.800

-bankmarketing-acc+

    1        128_Age( (                         |*                       ), 0.530,  0.530,  0.540,  0.540,  0.540
    2        256_Age( (                         |           -*           ), 0.750,  0.760,  0.770,  0.780,  0.790
    3        512_Age( (                         |            *           ), 0.770,  0.780,  0.780,  0.790,  0.800
    3        384_Age( (                         |            -*          ), 0.780,  0.780,  0.790,  0.790,  0.800
    3        640_Age( (                         |            -*          ), 0.770,  0.780,  0.790,  0.790,  0.800
    4       8929_Age( (                         |             *          ), 0.790,  0.800,  0.800,  0.810,  0.820

-bankmarketing-F1+

    1        128_Age( (*                        |                        ), 0.000,  0.000,  0.000,  0.000,  0.000
    2        256_Age( (                         |          -*-           ), 0.730,  0.740,  0.750,  0.770,  0.790
    3        384_Age( (                         |            *           ), 0.750,  0.770,  0.770,  0.780,  0.790
    3        512_Age( (                         |            *           ), 0.760,  0.770,  0.770,  0.770,  0.780
    4        640_Age( (                         |            *           ), 0.760,  0.770,  0.780,  0.780,  0.790
    5       8929_Age( (                         |            -*          ), 0.780,  0.780,  0.800,  0.800,  0.810

-bankmarketing-FA0-

    1       8929_Age( (        -*-              |                        ), 0.180,  0.180,  0.190,  0.200,  0.230
    2        640_Age( (         -*-             |                        ), 0.190,  0.200,  0.210,  0.230,  0.250
    2        384_Age( (         -*--            |                        ), 0.190,  0.200,  0.220,  0.240,  0.270
    3        512_Age( (          -*--           |                        ), 0.200,  0.220,  0.230,  0.240,  0.290
    4        256_Age( (          -*--           |                        ), 0.180,  0.220,  0.240,  0.290,  0.300
    5        128_Age( (                         |                       *), 1.000,  1.000,  1.000,  1.000,  1.000

-bankmarketing-FA1-

    1       8929_Age( (    *                    |                        ), 0.020,  0.090,  0.100,  0.110,  0.120
    2        640_Age( (       -*----            |                        ), 0.110,  0.160,  0.170,  0.180,  0.280
    3        512_Age( (    ----*---             |                        ), 0.050,  0.100,  0.180,  0.210,  0.250
    4        256_Age( (      ----*----          |                        ), 0.100,  0.130,  0.210,  0.260,  0.310
    5        384_Age( (          -*------       |                        ), 0.140,  0.220,  0.230,  0.290,  0.370
    6        128_Age( (                         |                       *), 1.000,  1.000,  1.000,  1.000,  1.000

-bankmarketing-AOD-

    1        128_Age( (*                        |                        ), 0.000,  0.000,  0.000,  0.000,  0.000
    2        384_Age( (--*---------             |                        ), 0.020,  0.020,  0.060,  0.080,  0.250
    3        256_Age( ( --*--------             |                        ), 0.030,  0.040,  0.080,  0.160,  0.250
    4        640_Age( (   *-------              |                        ), 0.040,  0.080,  0.080,  0.140,  0.240
    5        512_Age( (     --*---              |                        ), 0.040,  0.110,  0.160,  0.220,  0.240
    6       8929_Age( (      --*--              |                        ), 0.120,  0.140,  0.180,  0.200,  0.240

-bankmarketing-EOD-

    1        128_Age( (*                        |                        ), 0.000,  0.000,  0.000,  0.000,  0.000
    2        384_Age( (-*------                 |                        ), 0.010,  0.020,  0.030,  0.110,  0.170
    3        640_Age( ( --*------               |                        ), 0.030,  0.040,  0.070,  0.100,  0.210
    3        256_Age( ( --*------               |                        ), 0.010,  0.040,  0.080,  0.090,  0.210
    3        512_Age( (  -*----                 |                        ), 0.020,  0.060,  0.080,  0.130,  0.180
    4       8929_Age( (    -*-                  |                        ), 0.080,  0.090,  0.110,  0.130,  0.160

-bankmarketing-SPD-

    1        128_Age( (*                        |                        ), 0.000,  0.000,  0.000,  0.000,  0.000
    2        256_Age( (    ---*----------       |                        ), 0.090,  0.100,  0.160,  0.290,  0.370
    2        384_Age( (     ---*-----           |                        ), 0.090,  0.120,  0.170,  0.200,  0.300
    3        640_Age( (        --*----          |                        ), 0.130,  0.180,  0.220,  0.240,  0.320
    4       8929_Age( (             *-          |                        ), 0.240,  0.270,  0.280,  0.300,  0.320
    4        512_Age( (        -----*-          |                        ), 0.160,  0.180,  0.280,  0.300,  0.310

-bankmarketing-DI-

    1        256_Age( (         --*-----------  |                        ), 0.150,  0.190,  0.240,  0.350,  0.470
    1        384_Age( (          --*------      |                        ), 0.150,  0.210,  0.250,  0.300,  0.390
    2        640_Age( (             --*---      |                        ), 0.200,  0.270,  0.310,  0.340,  0.400
    3       8929_Age( (                 -*      |                        ), 0.330,  0.350,  0.370,  0.390,  0.400
    3        512_Age( (              ----*-     |                        ), 0.250,  0.300,  0.370,  0.380,  0.410
-------------------------------------------------------------------------------------
Processing adultscensusincome:  78%|██████████████████████████████████████████████████████████████████████████▋                     | 7/9 [00:05<00:01,  1.42it/s]
-adultscensusincome-recall+

    1       256_race( (*                        |                        ), 0.000,  0.000,  0.000,  0.000,  0.000
    2       512_race( (                   -*----|                        ), 0.290,  0.390,  0.420,  0.480,  0.520
    2      1024_race( (                    -*   |                        ), 0.350,  0.410,  0.430,  0.440,  0.460
    3       768_race( (                    -*---|                        ), 0.400,  0.420,  0.440,  0.440,  0.540
    4      1280_race( (                    --*--|                        ), 0.370,  0.420,  0.450,  0.470,  0.540
    5     36177_race( (                       * |                        ), 0.460,  0.470,  0.480,  0.480,  0.500
    1        256_sex( (*                        |                        ), 0.000,  0.000,  0.000,  0.000,  0.000
    2        512_sex( (            *-----       |                        ), 0.230,  0.250,  0.260,  0.300,  0.370
    3       1024_sex( (             -*-         |                        ), 0.250,  0.280,  0.290,  0.300,  0.340
    3        768_sex( (             -*-         |                        ), 0.240,  0.280,  0.290,  0.310,  0.340
    4       1280_sex( (             --*         |                        ), 0.240,  0.270,  0.320,  0.330,  0.340
    5      36177_sex( (                -*       |                        ), 0.320,  0.340,  0.350,  0.360,  0.360

-adultscensusincome-prec+

    1       256_race( (*                        |                        ), 0.000,  0.000,  0.000,  0.000,  0.000
    2      1280_race( (                         |      *------           ), 0.620,  0.650,  0.650,  0.680,  0.790
    3      1024_race( (                         |      -*----            ), 0.620,  0.660,  0.670,  0.690,  0.770
    3     36177_race( (                         |       *                ), 0.660,  0.670,  0.680,  0.680,  0.700
    4       512_race( (                         |      --*-------        ), 0.600,  0.660,  0.700,  0.760,  0.860
    5       768_race( (                         |        -*-----         ), 0.660,  0.690,  0.710,  0.780,  0.840
    1        256_sex( (*                        |                        ), 0.000,  0.000,  0.000,  0.000,  0.000
    2      36177_sex( (                         |  --*                   ), 0.570,  0.580,  0.610,  0.640,  0.640
    3        768_sex( (                         |    ---*------          ), 0.570,  0.620,  0.670,  0.690,  0.810
    4       1280_sex( (                         |      -*-------         ), 0.610,  0.660,  0.680,  0.700,  0.840
    5       1024_sex( (                         |      ---*-----         ), 0.630,  0.650,  0.720,  0.810,  0.830
    5        512_sex( (                         |         *----          ), 0.630,  0.710,  0.720,  0.790,  0.810

-adultscensusincome-acc+

    1       256_race( (                         |               *        ), 0.830,  0.840,  0.840,  0.840,  0.850
    2      1024_race( (                         |                 *      ), 0.870,  0.870,  0.870,  0.880,  0.890
    2       512_race( (                         |                 *      ), 0.860,  0.870,  0.870,  0.880,  0.890
    2      1280_race( (                         |                 *      ), 0.860,  0.870,  0.870,  0.880,  0.890
    3       768_race( (                         |                 *      ), 0.880,  0.880,  0.880,  0.890,  0.900
    3     36177_race( (                         |                 *      ), 0.870,  0.870,  0.880,  0.880,  0.890
    1        256_sex( (                         |                 -*     ), 0.880,  0.880,  0.890,  0.890,  0.900
    2        512_sex( (                         |                  *     ), 0.900,  0.900,  0.900,  0.910,  0.910
    2        768_sex( (                         |                  *     ), 0.900,  0.900,  0.900,  0.910,  0.910
    2       1280_sex( (                         |                  *     ), 0.900,  0.900,  0.900,  0.910,  0.920
    2      36177_sex( (                         |                  *     ), 0.890,  0.900,  0.900,  0.910,  0.910
    3       1024_sex( (                         |                  -*    ), 0.900,  0.900,  0.910,  0.910,  0.910

-adultscensusincome-F1+

    1       256_race( (*                        |                        ), 0.000,  0.000,  0.000,  0.000,  0.000
    2       512_race( (                        -*--                      ), 0.410,  0.500,  0.520,  0.550,  0.570
    2      1024_race( (                        -|*                       ), 0.460,  0.500,  0.530,  0.530,  0.540
    3      1280_race( (                         |*--                     ), 0.470,  0.510,  0.530,  0.550,  0.600
    4       768_race( (                         |*-                      ), 0.520,  0.540,  0.540,  0.560,  0.580
    5     36177_race( (                         | *                      ), 0.540,  0.560,  0.560,  0.560,  0.580
    1        256_sex( (*                        |                        ), 0.000,  0.000,  0.000,  0.000,  0.000
    2        512_sex( (                  *----  |                        ), 0.350,  0.370,  0.370,  0.400,  0.470
    3        768_sex( (                  -*--   |                        ), 0.370,  0.380,  0.390,  0.410,  0.460
    3       1024_sex( (                  -*--   |                        ), 0.380,  0.380,  0.400,  0.420,  0.450
    4       1280_sex( (                  ---*   |                        ), 0.350,  0.380,  0.430,  0.440,  0.450
    5      36177_sex( (                     *   |                        ), 0.420,  0.430,  0.440,  0.450,  0.460

-adultscensusincome-FA0-

    1     36177_race( (                         *-                       ), 0.510,  0.520,  0.520,  0.540,  0.560
    2      1280_race( (                         |-*------                ), 0.500,  0.540,  0.550,  0.610,  0.700
    2       768_race( (                         | -*-                    ), 0.540,  0.560,  0.570,  0.590,  0.610
    3      1024_race( (                         | --*----                ), 0.550,  0.560,  0.590,  0.600,  0.700
    4       512_race( (                         |---*------              ), 0.500,  0.530,  0.600,  0.650,  0.730
    5       256_race( (                         |                       *), 1.000,  1.000,  1.000,  1.000,  1.000
    1      36177_sex( (                         |     -*-                ), 0.640,  0.640,  0.660,  0.670,  0.690
    2       1280_sex( (                         |       --*--            ), 0.660,  0.680,  0.710,  0.740,  0.780
    3       1024_sex( (                         |         *----          ), 0.670,  0.710,  0.720,  0.740,  0.810
    3        768_sex( (                         |        -*-             ), 0.680,  0.700,  0.720,  0.740,  0.760
    4        512_sex( (                         |          -*-           ), 0.650,  0.730,  0.750,  0.770,  0.790
    5        256_sex( (                         |                       *), 1.000,  1.000,  1.000,  1.000,  1.000

-adultscensusincome-FA1-

    1     36177_race( (                       * |                        ), 0.450,  0.470,  0.470,  0.480,  0.490
    2      1280_race( (                        *|                        ), 0.480,  0.490,  0.500,  0.510,  0.530
    3      1024_race( (                        -*-                       ), 0.470,  0.500,  0.510,  0.520,  0.560
    3       768_race( (                        -*-                       ), 0.490,  0.500,  0.510,  0.520,  0.550
    4       512_race( (                         |*--                     ), 0.500,  0.510,  0.540,  0.560,  0.590
    5       256_race( (                         |                       *), 1.000,  1.000,  1.000,  1.000,  1.000
    1      36177_sex( (                     *   |                        ), 0.420,  0.440,  0.440,  0.450,  0.460
    2       1024_sex( (                      -*-|                        ), 0.440,  0.450,  0.470,  0.500,  0.510
    2        768_sex( (                      -* |                        ), 0.410,  0.460,  0.470,  0.480,  0.500
    2       1280_sex( (                       * |                        ), 0.440,  0.470,  0.470,  0.480,  0.490
    3        512_sex( (                       -*|-                       ), 0.440,  0.470,  0.490,  0.510,  0.550
    4        256_sex( (                         |                       *), 1.000,  1.000,  1.000,  1.000,  1.000

-adultscensusincome-AOD-

    1       256_race( (*                        |                        ), 0.000,  0.000,  0.000,  0.000,  0.000
    2       512_race( (-*----                   |                        ), 0.010,  0.010,  0.040,  0.100,  0.130
    3      1024_race( ( -*---                   |                        ), 0.020,  0.030,  0.050,  0.080,  0.130
    3     36177_race( ( -*                      |                        ), 0.040,  0.040,  0.050,  0.060,  0.060
    3       768_race( ( -*--                    |                        ), 0.020,  0.040,  0.060,  0.080,  0.110
    3      1280_race( ( -*--                    |                        ), 0.020,  0.040,  0.060,  0.080,  0.120
    1        256_sex( (*                        |                        ), 0.000,  0.000,  0.000,  0.000,  0.000
    2      36177_sex( (      -*                 |                        ), 0.140,  0.140,  0.150,  0.160,  0.160
    3       1280_sex( (      -*--               |                        ), 0.140,  0.140,  0.160,  0.170,  0.220
    4        768_sex( (       -*                |                        ), 0.160,  0.160,  0.170,  0.180,  0.200
    5       1024_sex( (       -*-               |                        ), 0.140,  0.160,  0.180,  0.190,  0.220
    5        512_sex( (       -*                |                        ), 0.140,  0.160,  0.180,  0.180,  0.180

-adultscensusincome-EOD-

    1       256_race( (*                        |                        ), 0.000,  0.000,  0.000,  0.000,  0.000
    2       512_race( ( -*------                |                        ), 0.010,  0.040,  0.050,  0.150,  0.200
    3     36177_race( (  *-                     |                        ), 0.030,  0.050,  0.050,  0.060,  0.090
    4       768_race( (  *----                  |                        ), 0.030,  0.050,  0.060,  0.100,  0.150
    4      1024_race( ( --*-----                |                        ), 0.030,  0.040,  0.070,  0.120,  0.200
    4      1280_race( (  -*----                 |                        ), 0.030,  0.060,  0.080,  0.110,  0.170
    1        256_sex( (*                        |                        ), 0.000,  0.000,  0.000,  0.000,  0.000
    2      36177_sex( (          *              |                        ), 0.200,  0.210,  0.220,  0.230,  0.230
    3       1280_sex( (          -*----         |                        ), 0.200,  0.210,  0.240,  0.270,  0.330
    4        512_sex( (           -*            |                        ), 0.190,  0.240,  0.260,  0.270,  0.280
    4        768_sex( (            *-           |                        ), 0.210,  0.250,  0.260,  0.280,  0.290
    4       1024_sex( (           --*--         |                        ), 0.200,  0.240,  0.270,  0.280,  0.330

-adultscensusincome-SPD-

    1       256_race( (*                        |                        ), 0.000,  0.000,  0.000,  0.000,  0.000
    2       512_race( (  -*-                    |                        ), 0.050,  0.060,  0.070,  0.110,  0.120
    3      1024_race( (   *-                    |                        ), 0.060,  0.070,  0.080,  0.110,  0.120
    4      1280_race( (   -*                    |                        ), 0.070,  0.070,  0.090,  0.100,  0.120
    4     36177_race( (   -*                    |                        ), 0.080,  0.080,  0.090,  0.100,  0.100
    4       768_race( (   -*-                   |                        ), 0.060,  0.080,  0.100,  0.100,  0.130
    1        256_sex( (*                        |                        ), 0.000,  0.000,  0.000,  0.000,  0.000
    2       1280_sex( (        *-               |                        ), 0.170,  0.180,  0.180,  0.200,  0.220
    3        512_sex( (         *               |                        ), 0.160,  0.190,  0.190,  0.200,  0.210
    3        768_sex( (         *               |                        ), 0.180,  0.190,  0.190,  0.190,  0.220
    3      36177_sex( (        -*               |                        ), 0.180,  0.180,  0.190,  0.190,  0.190
    4       1024_sex( (         *               |                        ), 0.170,  0.190,  0.200,  0.210,  0.220

-adultscensusincome-DI-

    1      1024_race( (                  --*----|-------                 ), 0.350,  0.380,  0.420,  0.570,  0.670
    1       512_race( (                ----*----|-------                 ), 0.300,  0.340,  0.420,  0.620,  0.680
    1      1280_race( (                  ----*--|------                  ), 0.340,  0.370,  0.460,  0.520,  0.650
    1     36177_race( (                   ---*- |                        ), 0.390,  0.400,  0.460,  0.480,  0.490
    2       768_race( (                      ---*-----                   ), 0.340,  0.460,  0.520,  0.540,  0.640
    1      36177_sex( (                         |          *             ), 0.720,  0.740,  0.740,  0.750,  0.760
    2       1280_sex( (                         |            -*--        ), 0.750,  0.770,  0.790,  0.830,  0.850
    3        768_sex( (                         |            -*-         ), 0.750,  0.780,  0.800,  0.810,  0.840
    4       1024_sex( (                         |            --*--       ), 0.770,  0.780,  0.810,  0.840,  0.880
    5        512_sex( (                         |             --*        ), 0.760,  0.790,  0.830,  0.840,  0.860
-------------------------------------------------------------------------------------
Processing defaultcredit:  89%|█████████████████████████████████████████████████████████████████████████████████████████▊           | 8/9 [00:06<00:00,  1.26it/s]
-defaultcredit-recall+

    1        512_SEX( (             *----       |                        ), 0.230,  0.270,  0.280,  0.320,  0.380
    1        768_SEX( (             -*---       |                        ), 0.240,  0.280,  0.290,  0.330,  0.380
    2       1024_SEX( (              -*--       |                        ), 0.250,  0.290,  0.310,  0.330,  0.380
    3       1280_SEX( (               -*-       |                        ), 0.320,  0.320,  0.340,  0.350,  0.380
    4      24000_SEX( (                 *       |                        ), 0.340,  0.350,  0.360,  0.360,  0.370
    5        256_SEX( (                         |                       *), 0.000,  1.000,  1.000,  1.000,  1.000

-defaultcredit-prec+

    1        256_SEX( (          *              |                        ), 0.000,  0.210,  0.210,  0.210,  0.230
    2        512_SEX( (                         |   -*-                  ), 0.590,  0.600,  0.610,  0.620,  0.660
    3        768_SEX( (                         |    *--                 ), 0.600,  0.610,  0.620,  0.650,  0.680
    3       1024_SEX( (                         |    -*-                 ), 0.590,  0.610,  0.630,  0.650,  0.670
    4       1280_SEX( (                         |     *---               ), 0.590,  0.630,  0.630,  0.660,  0.710
    5      24000_SEX( (                         |      -*                ), 0.650,  0.660,  0.670,  0.680,  0.690

-defaultcredit-acc+

    1        256_SEX( (          *--------------|-------------           ), 0.210,  0.210,  0.210,  0.530,  0.800
    2       1024_SEX( (                         |              *         ), 0.810,  0.810,  0.820,  0.820,  0.820
    2        512_SEX( (                         |              *         ), 0.810,  0.810,  0.820,  0.820,  0.820
    2        768_SEX( (                         |              *         ), 0.810,  0.810,  0.820,  0.820,  0.830
    3       1280_SEX( (                         |              *         ), 0.810,  0.820,  0.820,  0.830,  0.840
    4      24000_SEX( (                         |               *        ), 0.830,  0.830,  0.830,  0.830,  0.840

-defaultcredit-F1+

    1        256_SEX( (               --*       |                        ), 0.000,  0.320,  0.350,  0.350,  0.350
    2        512_SEX( (                  *----  |                        ), 0.340,  0.380,  0.380,  0.420,  0.470
    3        768_SEX( (                  -*---  |                        ), 0.350,  0.380,  0.400,  0.430,  0.470
    3       1024_SEX( (                   -*--  |                        ), 0.350,  0.390,  0.410,  0.420,  0.470
    4       1280_SEX( (                     *-  |                        ), 0.420,  0.430,  0.440,  0.450,  0.480
    5      24000_SEX( (                      *  |                        ), 0.450,  0.460,  0.460,  0.470,  0.480

-defaultcredit-FA0-

    1        256_SEX( (*------------------------|----------------------- ), 0.000,  0.000,  0.000,  0.510,  1.000
    2      24000_SEX( (                         |     -*                 ), 0.630,  0.640,  0.650,  0.660,  0.660
    3       1280_SEX( (                         |      -*                ), 0.640,  0.660,  0.670,  0.680,  0.690
    4       1024_SEX( (                         |       -*--             ), 0.630,  0.680,  0.700,  0.730,  0.760
    5        768_SEX( (                         |         *--            ), 0.650,  0.710,  0.720,  0.740,  0.780
    5        512_SEX( (                         |        --*--           ), 0.670,  0.690,  0.730,  0.760,  0.790

-defaultcredit-FA1-

    1        256_SEX( (*------------------------|----------------------- ), 0.000,  0.000,  0.000,  1.000,  1.000
    2      24000_SEX( (                         |    *-                  ), 0.600,  0.610,  0.620,  0.640,  0.650
    3       1280_SEX( (                         |    --*                 ), 0.610,  0.620,  0.650,  0.660,  0.670
    4       1024_SEX( (                         |      -*---             ), 0.630,  0.660,  0.680,  0.710,  0.750
    5        512_SEX( (                         |        *--             ), 0.660,  0.690,  0.690,  0.710,  0.760
    6        768_SEX( (                         |        -*-             ), 0.660,  0.700,  0.720,  0.750,  0.760

-defaultcredit-AOD-

    1        256_SEX( (*------------------------|----------------------- ), 0.000,  0.000,  0.000,  0.000,  1.000
    2        768_SEX( (*                        |                        ), 0.000,  0.000,  0.010,  0.010,  0.020
    3      24000_SEX( (*                        |                        ), 0.000,  0.020,  0.020,  0.030,  0.040
    3       1024_SEX( (*                        |                        ), 0.000,  0.020,  0.020,  0.020,  0.030
    3        512_SEX( (*-                       |                        ), 0.010,  0.020,  0.020,  0.020,  0.050
    3       1280_SEX( (*                        |                        ), 0.000,  0.020,  0.020,  0.030,  0.040

-defaultcredit-EOD-

    1        256_SEX( (*------------------------|----------------------- ), 0.000,  0.000,  0.000,  0.000,  1.000
    2        768_SEX( (*-                       |                        ), 0.000,  0.010,  0.010,  0.020,  0.050
    3       1024_SEX( (*                        |                        ), 0.010,  0.010,  0.020,  0.030,  0.030
    4        512_SEX( (-*-                      |                        ), 0.010,  0.020,  0.030,  0.040,  0.070
    4       1280_SEX( (-*                       |                        ), 0.000,  0.010,  0.030,  0.050,  0.060
    4      24000_SEX( (-*                       |                        ), 0.000,  0.010,  0.040,  0.040,  0.060

-defaultcredit-SPD-

    1        256_SEX( (*------------------------|----------------------- ), 0.000,  0.000,  0.000,  0.000,  1.000
    2        512_SEX( (*                        |                        ), 0.010,  0.020,  0.020,  0.030,  0.040
    3        768_SEX( (*                        |                        ), 0.010,  0.020,  0.020,  0.020,  0.020
    4      24000_SEX( ( *                       |                        ), 0.020,  0.030,  0.030,  0.030,  0.040
    4       1024_SEX( (-*                       |                        ), 0.020,  0.020,  0.030,  0.030,  0.040
    5       1280_SEX( ( *                       |                        ), 0.020,  0.030,  0.030,  0.030,  0.040

-defaultcredit-DI-

    1        256_SEX( (*------------------------|                        ), 0.000,  0.000,  0.000,  0.000,  0.530
    2        768_SEX( (       -*                |                        ), 0.100,  0.150,  0.170,  0.180,  0.200
    3        512_SEX( (       -*--------        |                        ), 0.130,  0.160,  0.180,  0.220,  0.350
    4       1024_SEX( (        -*---            |                        ), 0.170,  0.180,  0.200,  0.210,  0.280
    5      24000_SEX( (          *-             |                        ), 0.150,  0.210,  0.220,  0.240,  0.260
    5       1280_SEX( (          *---           |                        ), 0.140,  0.210,  0.220,  0.240,  0.290
-------------------------------------------------------------------------------------
Processing defaultcredit: 100%|█████████████████████████████████████████████████████████████████████████████████████████████████████| 9/9 [00:06<00:00,  1.32it/s]
laurenalvarez@Laurens-MacBook-Pro lying % 
