laurenalvarez@Laurens-MacBook-Pro lying % python3 sk.py
Processing heart:   0%|                                                                                                                     | 0/9 [00:00<?, ?it/s]
-heart-recall+

    1          0_Age( (*                        |                        ), 0.000,  0.000,  0.000,  0.000,  0.000
    1          1_Age( (*                        |                        ), 0.000,  0.000,  0.000,  0.000,  0.000
    1          2_Age( (*                        |                        ), 0.000,  0.000,  0.000,  0.000,  0.000
    1          3_Age( (*                        |                        ), 0.000,  0.000,  0.000,  0.000,  0.000
    2          4_Age( (   --*-------            |                        ), 0.060,  0.080,  0.120,  0.140,  0.270

-heart-prec+

    1          0_Age( (*                        |                        ), 0.000,  0.000,  0.000,  0.000,  0.000
    1          1_Age( (*                        |                        ), 0.000,  0.000,  0.000,  0.000,  0.000
    1          2_Age( (*                        |                        ), 0.000,  0.000,  0.000,  0.000,  0.000
    1          3_Age( (*                        |                        ), 0.000,  0.000,  0.000,  0.000,  0.000
    2          4_Age( (                --------*|-----------             ), 0.330,  0.330,  0.500,  0.600,  0.750

-heart-acc+

    1          0_Age( (                         |----*--                 ), 0.520,  0.540,  0.610,  0.640,  0.670
    1          1_Age( (                         |----*--                 ), 0.520,  0.540,  0.610,  0.640,  0.670
    1          2_Age( (                         |----*--                 ), 0.520,  0.540,  0.610,  0.640,  0.670
    1          3_Age( (                         |----*--                 ), 0.520,  0.540,  0.610,  0.640,  0.670
    1          4_Age( (                         |----*---                ), 0.480,  0.540,  0.610,  0.670,  0.700

-heart-F1+

    1          0_Age( (*                        |                        ), 0.000,  0.000,  0.000,  0.000,  0.000
    1          1_Age( (*                        |                        ), 0.000,  0.000,  0.000,  0.000,  0.000
    1          2_Age( (*                        |                        ), 0.000,  0.000,  0.000,  0.000,  0.000
    1          3_Age( (*                        |                        ), 0.000,  0.000,  0.000,  0.000,  0.000
    2          4_Age( (      ---*--------       |                        ), 0.100,  0.130,  0.190,  0.220,  0.370

-heart-FA0-

    1          4_Age( (                         |                 -*-    ), 0.770,  0.880,  0.900,  0.930,  0.940
    2          0_Age( (                         |                       *), 1.000,  1.000,  1.000,  1.000,  1.000
    2          1_Age( (                         |                       *), 1.000,  1.000,  1.000,  1.000,  1.000
    2          2_Age( (                         |                       *), 1.000,  1.000,  1.000,  1.000,  1.000
    2          3_Age( (                         |                       *), 1.000,  1.000,  1.000,  1.000,  1.000

-heart-FA1-

    1          0_Age( (*                        |                        ), 0.000,  0.000,  0.000,  0.000,  0.000
    1          1_Age( (*                        |                        ), 0.000,  0.000,  0.000,  0.000,  0.000
    1          2_Age( (*-                       |                        ), 0.000,  0.000,  0.000,  0.000,  0.050
    1          3_Age( (*                        |                        ), 0.000,  0.000,  0.000,  0.000,  0.000
    2          4_Age( (  --*                    |                        ), 0.050,  0.060,  0.100,  0.110,  0.110

-heart-AOD-

    1          4_Age( (                         |            -*          ), 0.770,  0.780,  0.800,  0.800,  0.800
    2          0_Age( (                         |                       *), 1.000,  1.000,  1.000,  1.000,  1.000
    2          1_Age( (                         |                       *), 1.000,  1.000,  1.000,  1.000,  1.000
    2          2_Age( (                         |                       *), 1.000,  1.000,  1.000,  1.000,  1.000
    2          3_Age( (                         |                       *), 1.000,  1.000,  1.000,  1.000,  1.000

-heart-EOD-

    1          4_Age( (                         |             -*-----    ), 0.720,  0.790,  0.810,  0.830,  0.940
    2          0_Age( (                         |                       *), 1.000,  1.000,  1.000,  1.000,  1.000
    2          1_Age( (                         |                       *), 1.000,  1.000,  1.000,  1.000,  1.000
    2          2_Age( (                         |                       *), 1.000,  1.000,  1.000,  1.000,  1.000
    2          3_Age( (                         |                       *), 1.000,  1.000,  1.000,  1.000,  1.000

-heart-SPD-

    1          4_Age( (                         |             *          ), 0.790,  0.800,  0.800,  0.810,  0.810
    2          0_Age( (                         |                       *), 1.000,  1.000,  1.000,  1.000,  1.000
    2          1_Age( (                         |                       *), 1.000,  1.000,  1.000,  1.000,  1.000
    2          2_Age( (                         |                       *), 1.000,  1.000,  1.000,  1.000,  1.000
    2          3_Age( (                         |                       *), 1.000,  1.000,  1.000,  1.000,  1.000

-heart-DI-

    1          4_Age( (                         |                 -*     ), 0.870,  0.880,  0.890,  0.900,  0.920
    2          0_Age( (                         |                       *), 1.000,  1.000,  1.000,  1.000,  1.000
    2          1_Age( (                         |                       *), 1.000,  1.000,  1.000,  1.000,  1.000
    2          2_Age( (                         |                       *), 1.000,  1.000,  1.000,  1.000,  1.000
    2          3_Age( (                         |                       *), 1.000,  1.000,  1.000,  1.000,  1.000
-------------------------------------------------------------------------------------
Processing diabetes:  11%|███████████▊                                                                                              | 1/9 [00:00<00:02,  3.05it/s]
-diabetes-recall+

    1          0_Age( (*                        |                        ), 0.000,  0.000,  0.000,  0.000,  0.000
    1          1_Age( (*                        |                        ), 0.000,  0.000,  0.000,  0.000,  0.000
    1          2_Age( (*                        |                        ), 0.000,  0.000,  0.000,  0.000,  0.000
    1          3_Age( (*                        |                        ), 0.000,  0.000,  0.000,  0.000,  0.000
    2          4_Age( (    *-----               |                        ), 0.040,  0.090,  0.100,  0.150,  0.210

-diabetes-prec+

    1          0_Age( (*                        |                        ), 0.000,  0.000,  0.000,  0.000,  0.000
    1          1_Age( (*                        |                        ), 0.000,  0.000,  0.000,  0.000,  0.000
    1          2_Age( (*                        |                        ), 0.000,  0.000,  0.000,  0.000,  0.000
    1          3_Age( (*                        |                        ), 0.000,  0.000,  0.000,  0.000,  0.000
    2          4_Age( (                   -----*|----------------------- ), 0.200,  0.400,  0.500,  0.800,  1.000

-diabetes-acc+

    1          4_Age( (                       -*|------                  ), 0.480,  0.480,  0.500,  0.530,  0.650
    1          0_Age( (                       --*--                      ), 0.430,  0.480,  0.520,  0.560,  0.580
    1          1_Age( (                       --*--                      ), 0.430,  0.480,  0.520,  0.560,  0.580
    1          2_Age( (                       --*--                      ), 0.430,  0.480,  0.520,  0.560,  0.580
    1          3_Age( (                       --*--                      ), 0.430,  0.480,  0.520,  0.560,  0.580

-diabetes-F1+

    1          0_Age( (*                        |                        ), 0.000,  0.000,  0.000,  0.000,  0.000
    1          1_Age( (*                        |                        ), 0.000,  0.000,  0.000,  0.000,  0.000
    1          2_Age( (*                        |                        ), 0.000,  0.000,  0.000,  0.000,  0.000
    1          3_Age( (*                        |                        ), 0.000,  0.000,  0.000,  0.000,  0.000
    2          4_Age( (       -*--------        |                        ), 0.070,  0.150,  0.170,  0.250,  0.350

-diabetes-FA0-

    1          4_Age( (                         |                  -*-   ), 0.840,  0.900,  0.910,  0.930,  0.960
    2          0_Age( (                         |                       *), 1.000,  1.000,  1.000,  1.000,  1.000
    2          1_Age( (                         |                       *), 1.000,  1.000,  1.000,  1.000,  1.000
    2          2_Age( (                         |                       *), 1.000,  1.000,  1.000,  1.000,  1.000
    2          3_Age( (                         |                       *), 1.000,  1.000,  1.000,  1.000,  1.000

-diabetes-FA1-

    1          0_Age( (*                        |                        ), 0.000,  0.000,  0.000,  0.000,  0.000
    1          1_Age( (*                        |                        ), 0.000,  0.000,  0.000,  0.000,  0.000
    1          2_Age( (*                        |                        ), 0.000,  0.000,  0.000,  0.000,  0.000
    1          3_Age( (*                        |                        ), 0.000,  0.000,  0.000,  0.000,  0.000
    2          4_Age( (    *-                   |                        ), 0.060,  0.090,  0.100,  0.120,  0.130

-diabetes-AOD-

    1          4_Age( (                         |             *-         ), 0.780,  0.800,  0.800,  0.820,  0.840
    2          0_Age( (                         |                       *), 1.000,  1.000,  1.000,  1.000,  1.000
    2          1_Age( (                         |                       *), 1.000,  1.000,  1.000,  1.000,  1.000
    2          2_Age( (                         |                       *), 1.000,  1.000,  1.000,  1.000,  1.000
    2          3_Age( (                         |                       *), 1.000,  1.000,  1.000,  1.000,  1.000

-diabetes-EOD-

    1          4_Age( (                         |             -*-        ), 0.780,  0.790,  0.810,  0.840,  0.850
    2          0_Age( (                         |                       *), 1.000,  1.000,  1.000,  1.000,  1.000
    2          1_Age( (                         |                       *), 1.000,  1.000,  1.000,  1.000,  1.000
    2          2_Age( (                         |                       *), 1.000,  1.000,  1.000,  1.000,  1.000
    2          3_Age( (                         |                       *), 1.000,  1.000,  1.000,  1.000,  1.000

-diabetes-SPD-

    1          4_Age( (                         |             -*         ), 0.800,  0.800,  0.810,  0.810,  0.820
    2          0_Age( (                         |                       *), 1.000,  1.000,  1.000,  1.000,  1.000
    2          1_Age( (                         |                       *), 1.000,  1.000,  1.000,  1.000,  1.000
    2          2_Age( (                         |                       *), 1.000,  1.000,  1.000,  1.000,  1.000
    2          3_Age( (                         |                       *), 1.000,  1.000,  1.000,  1.000,  1.000

-diabetes-DI-

    1          4_Age( (                         |                  *-    ), 0.870,  0.890,  0.900,  0.910,  0.940
    2          0_Age( (                         |                       *), 1.000,  1.000,  1.000,  1.000,  1.000
    2          1_Age( (                         |                       *), 1.000,  1.000,  1.000,  1.000,  1.000
    2          2_Age( (                         |                       *), 1.000,  1.000,  1.000,  1.000,  1.000
    2          3_Age( (                         |                       *), 1.000,  1.000,  1.000,  1.000,  1.000
-------------------------------------------------------------------------------------
Processing communities:  22%|██████████████████████▉                                                                                | 2/9 [00:00<00:02,  2.72it/s]
-communities-recall+

    1 0_Racepctwhite( (*------------------------|-------                 ), 0.000,  0.000,  0.000,  0.170,  0.670
    1 1_Racepctwhite( (*---------------         |                        ), 0.000,  0.000,  0.000,  0.170,  0.330
    1 2_Racepctwhite( (*---------------         |                        ), 0.000,  0.000,  0.000,  0.000,  0.330
    1 3_Racepctwhite( (*---------------         |                        ), 0.000,  0.000,  0.000,  0.000,  0.330
    1 4_Racepctwhite( (*------------------------|----------------------- ), 0.000,  0.000,  0.000,  0.170,  1.000

-communities-prec+

    1 0_Racepctwhite( (*------------------------|----------------------- ), 0.000,  0.000,  0.000,  0.750,  1.000
    1 1_Racepctwhite( (*------------------------|----------------------- ), 0.000,  0.000,  0.000,  0.670,  1.000
    1 2_Racepctwhite( (*------------------------|----------------------- ), 0.000,  0.000,  0.000,  0.000,  1.000
    1 3_Racepctwhite( (*------------------------|----------------------- ), 0.000,  0.000,  0.000,  0.000,  1.000
    1 4_Racepctwhite( (*----------------------- |                        ), 0.000,  0.000,  0.000,  0.500,  0.500

-communities-acc+

    1 4_Racepctwhite( (                         |  ---*-------------     ), 0.530,  0.570,  0.640,  0.690,  0.910
    2 1_Racepctwhite( (                         |     ---*----------     ), 0.570,  0.640,  0.690,  0.850,  0.920
    2 2_Racepctwhite( (                         |     ---*----------     ), 0.570,  0.640,  0.690,  0.770,  0.920
    2 3_Racepctwhite( (                         |     ----*---------     ), 0.600,  0.640,  0.710,  0.780,  0.920
    2 0_Racepctwhite( (                         |     -----*--------     ), 0.570,  0.640,  0.730,  0.830,  0.910

-communities-F1+

    1 0_Racepctwhite( (*------------------------|-------                 ), 0.000,  0.000,  0.000,  0.290,  0.670
    1 1_Racepctwhite( (*----------------------- |                        ), 0.000,  0.000,  0.000,  0.290,  0.500
    1 2_Racepctwhite( (*----------------------- |                        ), 0.000,  0.000,  0.000,  0.000,  0.500
    1 3_Racepctwhite( (*----------------------- |                        ), 0.000,  0.000,  0.000,  0.000,  0.500
    1 4_Racepctwhite( (*------------------------|-------                 ), 0.000,  0.000,  0.000,  0.250,  0.670

-communities-FA0-

    1 0_Racepctwhite( (                         |                  -----*), 0.500,  0.890,  1.000,  1.000,  1.000
    1 1_Racepctwhite( (                         |                       *), 0.780,  1.000,  1.000,  1.000,  1.000
    1 2_Racepctwhite( (                         |                       *), 0.670,  1.000,  1.000,  1.000,  1.000
    1 3_Racepctwhite( (                         |                       *), 0.830,  1.000,  1.000,  1.000,  1.000
    1 4_Racepctwhite( (                         |                  -----*), 0.800,  0.890,  1.000,  1.000,  1.000

-communities-FA1-

    1 0_Racepctwhite( (*---------------------   |                        ), 0.000,  0.000,  0.000,  0.250,  0.450
    1 1_Racepctwhite( (*-------                 |                        ), 0.000,  0.000,  0.000,  0.080,  0.170
    1 2_Racepctwhite( (*----                    |                        ), 0.000,  0.000,  0.000,  0.000,  0.120
    1 3_Racepctwhite( (*-------                 |                        ), 0.000,  0.000,  0.000,  0.000,  0.170
    2 4_Racepctwhite( (----*----                |                        ), 0.000,  0.000,  0.090,  0.100,  0.200

-communities-AOD-

    1 4_Racepctwhite( (                         |                 -*-    ), 0.840,  0.880,  0.900,  0.900,  0.930
    1 0_Racepctwhite( (                         |        -----------*--- ), 0.540,  0.700,  0.920,  0.940,  1.000
    2 2_Racepctwhite( (                         |                    --* ), 0.780,  0.940,  0.970,  1.000,  1.000
    2 1_Racepctwhite( (                         |                   ----*), 0.830,  0.920,  1.000,  1.000,  1.000
    3 3_Racepctwhite( (                         |                     --*), 0.920,  0.960,  1.000,  1.000,  1.000

-communities-EOD-

    1 0_Racepctwhite( (                         |        -------*------- ), 0.500,  0.700,  0.830,  0.890,  1.000
    2 4_Racepctwhite( (                         |               ---*---- ), 0.800,  0.830,  0.890,  0.900,  1.000
    3 1_Racepctwhite( (                         |               --------*), 0.780,  0.830,  1.000,  1.000,  1.000
    3 2_Racepctwhite( (                         |                   ----*), 0.670,  0.910,  1.000,  1.000,  1.000
    3 3_Racepctwhite( (                         |                   ----*), 0.830,  0.920,  1.000,  1.000,  1.000

-communities-SPD-

    1 4_Racepctwhite( (                         |               *--      ), 0.820,  0.840,  0.840,  0.860,  0.890
    1 0_Racepctwhite( (                         |          ------*------ ), 0.640,  0.730,  0.860,  0.930,  1.000
    2 2_Racepctwhite( (                         |                   -*-- ), 0.830,  0.910,  0.940,  1.000,  1.000
    2 1_Racepctwhite( (                         |                    ---*), 0.820,  0.930,  1.000,  1.000,  1.000
    3 3_Racepctwhite( (                         |                    ---*), 0.860,  0.930,  1.000,  1.000,  1.000

-communities-DI-

    1 4_Racepctwhite( (                         |                 --*--- ), 0.860,  0.880,  0.910,  0.920,  1.000
    2 0_Racepctwhite( (                         |                    ---*), 0.770,  0.930,  1.000,  1.000,  1.000
    2 1_Racepctwhite( (                         |                       *), 0.910,  1.000,  1.000,  1.000,  1.000
    3 2_Racepctwhite( (                         |                    ---*), 0.850,  0.940,  1.000,  1.000,  1.000
    3 3_Racepctwhite( (                         |                       *), 0.930,  1.000,  1.000,  1.000,  1.000
-------------------------------------------------------------------------------------
Processing germancredit:  33%|██████████████████████████████████                                                                    | 3/9 [00:01<00:02,  2.61it/s]
-germancredit-recall+

    1          0_sex( (*------                  |                        ), 0.000,  0.000,  0.000,  0.030,  0.160
    1          1_sex( (*----                    |                        ), 0.000,  0.000,  0.000,  0.030,  0.110
    1          2_sex( (*-                       |                        ), 0.000,  0.000,  0.000,  0.000,  0.060
    2          3_sex( (*-                       |                        ), 0.000,  0.000,  0.000,  0.000,  0.060
    3          4_sex( (    -*-                  |                        ), 0.090,  0.100,  0.120,  0.140,  0.150

-germancredit-prec+

    1          0_sex( (*------------------------|----------------------- ), 0.000,  0.000,  0.000,  0.640,  1.000
    1          1_sex( (*------------------------|----------------------- ), 0.000,  0.000,  0.000,  0.830,  1.000
    1          2_sex( (*------------------------|-------                 ), 0.000,  0.000,  0.000,  0.000,  0.670
    2          3_sex( (*------------------------|----------------------- ), 0.000,  0.000,  0.000,  0.000,  1.000
    3          4_sex( (                         |    -----*---           ), 0.500,  0.620,  0.710,  0.780,  0.800

-germancredit-acc+

    1          0_sex( (                -*----   |                        ), 0.330,  0.340,  0.360,  0.420,  0.460
    1          2_sex( (                -*----   |                        ), 0.320,  0.340,  0.360,  0.390,  0.460
    1          1_sex( (                 -*---   |                        ), 0.340,  0.350,  0.380,  0.390,  0.460
    1          3_sex( (                --*---   |                        ), 0.320,  0.340,  0.380,  0.390,  0.460
    2          4_sex( (                  --*--- |                        ), 0.340,  0.370,  0.410,  0.440,  0.500

-germancredit-F1+

    1          0_sex( (*-----------             |                        ), 0.000,  0.000,  0.000,  0.060,  0.260
    1          1_sex( (*--------                |                        ), 0.000,  0.000,  0.000,  0.060,  0.190
    1          2_sex( (*----                    |                        ), 0.000,  0.000,  0.000,  0.000,  0.110
    2          3_sex( (*----                    |                        ), 0.000,  0.000,  0.000,  0.000,  0.110
    3          4_sex( (        --*-             |                        ), 0.150,  0.180,  0.210,  0.240,  0.250

-germancredit-FA0-

    1          4_sex( (                         |                --*     ), 0.850,  0.860,  0.890,  0.910,  0.910
    2          0_sex( (                         |                       *), 0.940,  1.000,  1.000,  1.000,  1.000
    3          1_sex( (                         |                      -*), 0.960,  0.980,  1.000,  1.000,  1.000
    3          2_sex( (                         |                       *), 1.000,  1.000,  1.000,  1.000,  1.000
    3          3_sex( (                         |                       *), 0.980,  1.000,  1.000,  1.000,  1.000

-germancredit-FA1-

    1          0_sex( (*                        |                        ), 0.000,  0.000,  0.000,  0.000,  0.000
    1          1_sex( (*                        |                        ), 0.000,  0.000,  0.000,  0.000,  0.000
    1          2_sex( (*                        |                        ), 0.000,  0.000,  0.000,  0.000,  0.010
    1          3_sex( (*                        |                        ), 0.000,  0.000,  0.000,  0.000,  0.000
    2          4_sex( (    *                    |                        ), 0.080,  0.090,  0.100,  0.100,  0.110

-germancredit-AOD-

    1          4_sex( (                         |             *          ), 0.780,  0.790,  0.800,  0.810,  0.820
    2          0_sex( (                         |                       *), 0.970,  1.000,  1.000,  1.000,  1.000
    3          1_sex( (                         |                      -*), 0.970,  0.980,  1.000,  1.000,  1.000
    3          2_sex( (                         |                       *), 1.000,  1.000,  1.000,  1.000,  1.000
    3          3_sex( (                         |                       *), 0.990,  1.000,  1.000,  1.000,  1.000

-germancredit-EOD-

    1          4_sex( (                         |            *--         ), 0.770,  0.770,  0.780,  0.800,  0.840
    2          0_sex( (                         |                       *), 0.940,  1.000,  1.000,  1.000,  1.000
    3          1_sex( (                         |                      -*), 0.960,  0.980,  1.000,  1.000,  1.000
    3          2_sex( (                         |                       *), 0.990,  1.000,  1.000,  1.000,  1.000
    3          3_sex( (                         |                       *), 0.980,  1.000,  1.000,  1.000,  1.000

-germancredit-SPD-

    1          4_sex( (                         |             *          ), 0.790,  0.790,  0.800,  0.800,  0.810
    2          0_sex( (                         |                       *), 0.960,  1.000,  1.000,  1.000,  1.000
    3          1_sex( (                         |                      -*), 0.970,  0.980,  1.000,  1.000,  1.000
    3          2_sex( (                         |                       *), 0.990,  1.000,  1.000,  1.000,  1.000
    3          3_sex( (                         |                       *), 0.990,  1.000,  1.000,  1.000,  1.000

-germancredit-DI-

    1          4_sex( (                         |                --*     ), 0.860,  0.860,  0.890,  0.890,  0.910
    2          0_sex( (                         |                       *), 0.960,  1.000,  1.000,  1.000,  1.000
    3          1_sex( (                         |                      -*), 0.970,  0.980,  1.000,  1.000,  1.000
    3          2_sex( (                         |                       *), 1.000,  1.000,  1.000,  1.000,  1.000
    3          3_sex( (                         |                       *), 0.990,  1.000,  1.000,  1.000,  1.000
-------------------------------------------------------------------------------------
Processing compas:  44%|████████████████████████████████████████████████                                                            | 4/9 [00:01<00:01,  2.53it/s]
-compas-recall+

    1         0_race( (*                        |                        ), 0.000,  0.000,  0.000,  0.000,  0.000
    1         1_race( (*                        |                        ), 0.000,  0.000,  0.000,  0.000,  0.000
    1         2_race( (*                        |                        ), 0.000,  0.000,  0.000,  0.000,  0.000
    2         3_race( (*                        |                        ), 0.000,  0.000,  0.000,  0.000,  0.000
    3         4_race( (    *                    |                        ), 0.090,  0.100,  0.100,  0.110,  0.120
    1          0_sex( (                 -*      |                        ), 0.360,  0.360,  0.370,  0.380,  0.400
    1          1_sex( (                 -*      |                        ), 0.360,  0.360,  0.370,  0.380,  0.400
    1          2_sex( (                 -*      |                        ), 0.360,  0.360,  0.370,  0.380,  0.400
    1          3_sex( (                 -*      |                        ), 0.360,  0.360,  0.370,  0.380,  0.400
    2          4_sex( (                   *     |                        ), 0.380,  0.390,  0.390,  0.400,  0.420

-compas-prec+

    1         0_race( (*                        |                        ), 0.000,  0.000,  0.000,  0.000,  0.000
    1         1_race( (*                        |                        ), 0.000,  0.000,  0.000,  0.000,  0.000
    1         2_race( (*                        |                        ), 0.000,  0.000,  0.000,  0.000,  0.000
    2         3_race( (*                        |                        ), 0.000,  0.000,  0.000,  0.000,  0.000
    3         4_race( (                         *---                     ), 0.450,  0.520,  0.520,  0.540,  0.600
    1          4_sex( (                         | -*                     ), 0.550,  0.560,  0.570,  0.580,  0.600
    2          0_sex( (                         |  -*                    ), 0.580,  0.580,  0.590,  0.610,  0.610
    2          1_sex( (                         |  -*                    ), 0.580,  0.580,  0.590,  0.610,  0.610
    2          2_sex( (                         |  -*                    ), 0.580,  0.580,  0.590,  0.610,  0.610
    2          3_sex( (                         |  -*                    ), 0.580,  0.580,  0.590,  0.610,  0.610

-compas-acc+

    1         0_race( (                        *|                        ), 0.470,  0.490,  0.490,  0.500,  0.510
    1         1_race( (                        *|                        ), 0.470,  0.490,  0.490,  0.500,  0.510
    1         2_race( (                        *|                        ), 0.470,  0.490,  0.490,  0.500,  0.510
    1         3_race( (                        *|                        ), 0.470,  0.490,  0.490,  0.500,  0.510
    2         4_race( (                        *|                        ), 0.470,  0.490,  0.500,  0.510,  0.510
    1          4_sex( (                         |*                       ), 0.520,  0.530,  0.540,  0.540,  0.550
    2          0_sex( (                         |-*                      ), 0.530,  0.540,  0.550,  0.550,  0.560
    2          1_sex( (                         |-*                      ), 0.530,  0.540,  0.550,  0.550,  0.560
    2          2_sex( (                         |-*                      ), 0.530,  0.540,  0.550,  0.550,  0.560
    2          3_sex( (                         |-*                      ), 0.530,  0.540,  0.550,  0.550,  0.560

-compas-F1+

    1         0_race( (*                        |                        ), 0.000,  0.000,  0.000,  0.000,  0.000
    1         1_race( (*                        |                        ), 0.000,  0.000,  0.000,  0.000,  0.000
    1         2_race( (*                        |                        ), 0.000,  0.000,  0.000,  0.000,  0.000
    2         3_race( (*                        |                        ), 0.000,  0.000,  0.000,  0.000,  0.000
    3         4_race( (        *                |                        ), 0.150,  0.170,  0.170,  0.180,  0.200
    1          0_sex( (                      *  |                        ), 0.440,  0.450,  0.450,  0.460,  0.480
    1          1_sex( (                      *  |                        ), 0.440,  0.450,  0.450,  0.460,  0.480
    1          2_sex( (                      *  |                        ), 0.440,  0.450,  0.450,  0.460,  0.480
    1          3_sex( (                      *  |                        ), 0.440,  0.450,  0.450,  0.460,  0.480
    2          4_sex( (                      -* |                        ), 0.460,  0.460,  0.470,  0.470,  0.490

-compas-FA0-

    1         4_race( (                         |                  *     ), 0.890,  0.890,  0.900,  0.900,  0.920
    2         0_race( (                         |                       *), 1.000,  1.000,  1.000,  1.000,  1.000
    2         1_race( (                         |                       *), 1.000,  1.000,  1.000,  1.000,  1.000
    2         2_race( (                         |                       *), 1.000,  1.000,  1.000,  1.000,  1.000
    2         3_race( (                         |                       *), 1.000,  1.000,  1.000,  1.000,  1.000
    1          4_sex( (                         |   -*                   ), 0.590,  0.600,  0.610,  0.610,  0.620
    2          0_sex( (                         |     *                  ), 0.620,  0.630,  0.630,  0.640,  0.650
    2          1_sex( (                         |     *                  ), 0.620,  0.630,  0.630,  0.640,  0.650
    2          2_sex( (                         |     *                  ), 0.620,  0.630,  0.630,  0.640,  0.650
    2          3_sex( (                         |     *                  ), 0.620,  0.630,  0.630,  0.640,  0.650

-compas-FA1-

    1         0_race( (*                        |                        ), 0.000,  0.000,  0.000,  0.000,  0.000
    1         1_race( (*                        |                        ), 0.000,  0.000,  0.000,  0.000,  0.000
    1         2_race( (*                        |                        ), 0.000,  0.000,  0.000,  0.000,  0.000
    1         3_race( (*                        |                        ), 0.000,  0.000,  0.000,  0.000,  0.000
    2         4_race( (   -*                    |                        ), 0.080,  0.080,  0.100,  0.110,  0.110
    1          4_sex( (                         | *--                    ), 0.540,  0.550,  0.560,  0.590,  0.620
    2          0_sex( (                         | -*                     ), 0.550,  0.560,  0.580,  0.600,  0.600
    2          1_sex( (                         | -*                     ), 0.550,  0.560,  0.580,  0.600,  0.600
    2          2_sex( (                         | -*                     ), 0.550,  0.560,  0.580,  0.600,  0.600
    2          3_sex( (                         | -*                     ), 0.550,  0.560,  0.580,  0.600,  0.600

-compas-AOD-

    1         4_race( (                         |             *          ), 0.800,  0.800,  0.800,  0.800,  0.810
    2         0_race( (                         |                       *), 1.000,  1.000,  1.000,  1.000,  1.000
    2         1_race( (                         |                       *), 1.000,  1.000,  1.000,  1.000,  1.000
    2         2_race( (                         |                       *), 1.000,  1.000,  1.000,  1.000,  1.000
    2         3_race( (                         |                       *), 1.000,  1.000,  1.000,  1.000,  1.000
    1          4_sex( (   *-                    |                        ), 0.030,  0.070,  0.080,  0.090,  0.120
    2          0_sex( (   -*--                  |                        ), 0.080,  0.080,  0.100,  0.100,  0.150
    2          1_sex( (   -*--                  |                        ), 0.080,  0.080,  0.100,  0.100,  0.150
    2          2_sex( (   -*--                  |                        ), 0.080,  0.080,  0.100,  0.100,  0.150
    2          3_sex( (   -*--                  |                        ), 0.080,  0.080,  0.100,  0.100,  0.150

-compas-EOD-

    1         4_race( (                         |             -*         ), 0.790,  0.800,  0.810,  0.810,  0.830
    2         0_race( (                         |                       *), 1.000,  1.000,  1.000,  1.000,  1.000
    2         1_race( (                         |                       *), 1.000,  1.000,  1.000,  1.000,  1.000
    2         2_race( (                         |                       *), 1.000,  1.000,  1.000,  1.000,  1.000
    2         3_race( (                         |                       *), 1.000,  1.000,  1.000,  1.000,  1.000
    1          0_sex( ( *--                     |                        ), 0.030,  0.040,  0.040,  0.070,  0.100
    1          1_sex( ( *--                     |                        ), 0.030,  0.040,  0.040,  0.070,  0.100
    1          2_sex( ( *--                     |                        ), 0.030,  0.040,  0.040,  0.070,  0.100
    1          3_sex( ( *--                     |                        ), 0.030,  0.040,  0.040,  0.070,  0.100
    2          4_sex( ( -*-                     |                        ), 0.020,  0.030,  0.050,  0.070,  0.100

-compas-SPD-

    1         4_race( (                         |             *          ), 0.800,  0.800,  0.800,  0.800,  0.810
    2         0_race( (                         |                       *), 1.000,  1.000,  1.000,  1.000,  1.000
    2         1_race( (                         |                       *), 1.000,  1.000,  1.000,  1.000,  1.000
    2         2_race( (                         |                       *), 1.000,  1.000,  1.000,  1.000,  1.000
    2         3_race( (                         |                       *), 1.000,  1.000,  1.000,  1.000,  1.000
    1          4_sex( (   *-                    |                        ), 0.030,  0.070,  0.070,  0.100,  0.120
    2          0_sex( (   -*--                  |                        ), 0.080,  0.080,  0.090,  0.110,  0.150
    2          1_sex( (   -*--                  |                        ), 0.080,  0.080,  0.090,  0.110,  0.150
    2          2_sex( (   -*--                  |                        ), 0.080,  0.080,  0.090,  0.110,  0.150
    2          3_sex( (   -*--                  |                        ), 0.080,  0.080,  0.090,  0.110,  0.150

-compas-DI-

    1         4_race( (                         |                  *     ), 0.880,  0.890,  0.890,  0.890,  0.890
    2         0_race( (                         |                       *), 1.000,  1.000,  1.000,  1.000,  1.000
    2         1_race( (                         |                       *), 1.000,  1.000,  1.000,  1.000,  1.000
    2         2_race( (                         |                       *), 1.000,  1.000,  1.000,  1.000,  1.000
    2         3_race( (                         |                       *), 1.000,  1.000,  1.000,  1.000,  1.000
    1          4_sex( (       -*---             |                        ), 0.070,  0.150,  0.170,  0.220,  0.260
    2          0_sex( (          *----          |                        ), 0.190,  0.210,  0.210,  0.250,  0.320
    2          1_sex( (          *----          |                        ), 0.190,  0.210,  0.210,  0.250,  0.320
    2          2_sex( (          *----          |                        ), 0.190,  0.210,  0.210,  0.250,  0.320
    2          3_sex( (          *----          |                        ), 0.190,  0.210,  0.210,  0.250,  0.320
-------------------------------------------------------------------------------------
Processing studentperformance:  56%|█████████████████████████████████████████████████████▎                                          | 5/9 [00:02<00:01,  2.06it/s]
-studentperformance-recall+

    1          1_sex( (*----                    |                        ), 0.000,  0.020,  0.020,  0.060,  0.110
    1          3_sex( (*--                      |                        ), 0.000,  0.000,  0.020,  0.040,  0.080
    1          2_sex( (-*                       |                        ), 0.000,  0.020,  0.030,  0.040,  0.060
    2          0_sex( ( -*---                   |                        ), 0.000,  0.030,  0.050,  0.100,  0.140
    3          4_sex( (   --*                   |                        ), 0.060,  0.080,  0.110,  0.130,  0.140

-studentperformance-prec+

    1          4_sex( (                   -*----|-------                 ), 0.290,  0.400,  0.420,  0.500,  0.670
    1          1_sex( (            ---------*---|----------------------- ), 0.000,  0.250,  0.430,  0.450,  1.000
    1          0_sex( (                --------*|-------                 ), 0.000,  0.330,  0.500,  0.560,  0.670
    1          2_sex( (                --------*|----------------------- ), 0.000,  0.330,  0.500,  0.670,  1.000
    1          3_sex( (------------------------*|----------------------- ), 0.000,  0.000,  0.500,  0.670,  1.000

-studentperformance-acc+

    1          3_sex( (                         | *--                    ), 0.530,  0.550,  0.560,  0.620,  0.620
    1          2_sex( (                         | -*-                    ), 0.540,  0.550,  0.570,  0.620,  0.620
    2          4_sex( (                         | -*-                    ), 0.520,  0.550,  0.570,  0.600,  0.610
    2          0_sex( (                         |--*--                   ), 0.520,  0.520,  0.580,  0.580,  0.630
    2          1_sex( (                         | -*-                    ), 0.530,  0.550,  0.580,  0.600,  0.610

-studentperformance-F1+

    1          1_sex( ( *------                 |                        ), 0.000,  0.040,  0.040,  0.110,  0.180
    1          3_sex( (-*----                   |                        ), 0.000,  0.000,  0.040,  0.070,  0.140
    2          2_sex( ( -*-                     |                        ), 0.000,  0.040,  0.060,  0.080,  0.100
    3          0_sex( (  --*-----               |                        ), 0.000,  0.060,  0.090,  0.140,  0.220
    4          4_sex( (      --*--              |                        ), 0.100,  0.130,  0.170,  0.200,  0.230

-studentperformance-FA0-

    1          4_sex( (                         |                  *--   ), 0.870,  0.890,  0.890,  0.920,  0.960
    2          0_sex( (                         |                   --*- ), 0.900,  0.910,  0.960,  0.980,  1.000
    3          1_sex( (                         |                      * ), 0.910,  0.980,  0.980,  0.980,  1.000
    3          2_sex( (                         |                     -* ), 0.950,  0.960,  0.980,  0.980,  1.000
    4          3_sex( (                         |                      -*), 0.960,  0.970,  1.000,  1.000,  1.000

-studentperformance-FA1-

    1          0_sex( (-*-----                  |                        ), 0.000,  0.000,  0.030,  0.090,  0.160
    1          2_sex( ( *-                      |                        ), 0.000,  0.030,  0.030,  0.040,  0.070
    1          3_sex( (-*-                      |                        ), 0.000,  0.000,  0.030,  0.040,  0.070
    2          1_sex( ( -*---                   |                        ), 0.000,  0.030,  0.060,  0.080,  0.130
    3          4_sex( (   *-----                |                        ), 0.030,  0.070,  0.080,  0.120,  0.190

-studentperformance-AOD-

    1          4_sex( (                         |             -*         ), 0.800,  0.800,  0.820,  0.820,  0.830
    2          0_sex( (                         |                 *---   ), 0.790,  0.870,  0.870,  0.910,  0.960
    3          1_sex( (                         |                  *--   ), 0.870,  0.900,  0.900,  0.940,  0.960
    4          2_sex( (                         |                    -*  ), 0.910,  0.940,  0.950,  0.960,  0.980
    5          3_sex( (                         |                     *- ), 0.920,  0.950,  0.960,  0.990,  1.000

-studentperformance-EOD-

    1          4_sex( (                         |            --*----     ), 0.740,  0.780,  0.820,  0.860,  0.910
    2          0_sex( (                         |                 --*--- ), 0.830,  0.870,  0.910,  0.920,  1.000
    3          1_sex( (                         |                  --*-  ), 0.850,  0.890,  0.930,  0.950,  0.980
    4          2_sex( (                         |                    *-  ), 0.920,  0.930,  0.940,  0.960,  0.970
    5          3_sex( (                         |                    -*- ), 0.920,  0.930,  0.950,  1.000,  1.000

-studentperformance-SPD-

    1          4_sex( (                         |              *         ), 0.800,  0.810,  0.810,  0.810,  0.820
    2          0_sex( (                         |                -*---   ), 0.770,  0.850,  0.880,  0.910,  0.960
    3          1_sex( (                         |                  -*--  ), 0.870,  0.890,  0.910,  0.940,  0.970
    4          2_sex( (                         |                     *  ), 0.910,  0.950,  0.950,  0.960,  0.980
    4          3_sex( (                         |                     *- ), 0.920,  0.950,  0.950,  0.990,  1.000

-studentperformance-DI-

    1          4_sex( (                         |                  *-    ), 0.870,  0.890,  0.900,  0.900,  0.930
    2          0_sex( (                         |                   --*  ), 0.890,  0.920,  0.960,  0.970,  0.970
    3          1_sex( (                         |                     *- ), 0.920,  0.960,  0.960,  0.990,  0.990
    4          2_sex( (                         |                      * ), 0.960,  0.970,  0.980,  0.980,  0.990
    4          3_sex( (                         |                      * ), 0.960,  0.980,  0.980,  0.990,  1.000
-------------------------------------------------------------------------------------
Processing bankmarketing:  67%|███████████████████████████████████████████████████████████████████▎                                 | 6/9 [00:02<00:01,  2.05it/s]
-bankmarketing-recall+

    1          0_Age( (*                        |                        ), 0.000,  0.000,  0.000,  0.000,  0.000
    1          1_Age( (*                        |                        ), 0.000,  0.000,  0.000,  0.000,  0.000
    1          2_Age( (*                        |                        ), 0.000,  0.000,  0.000,  0.000,  0.000
    2          3_Age( (*                        |                        ), 0.000,  0.000,  0.000,  0.000,  0.000
    3          4_Age( (    *                    |                        ), 0.090,  0.090,  0.100,  0.100,  0.110

-bankmarketing-prec+

    1          0_Age( (*                        |                        ), 0.000,  0.000,  0.000,  0.000,  0.000
    1          1_Age( (*                        |                        ), 0.000,  0.000,  0.000,  0.000,  0.000
    1          2_Age( (*                        |                        ), 0.000,  0.000,  0.000,  0.000,  0.000
    2          3_Age( (*                        |                        ), 0.000,  0.000,  0.000,  0.000,  0.000
    3          4_Age( (                     -*- |                        ), 0.440,  0.440,  0.450,  0.480,  0.500

-bankmarketing-acc+

    1          4_Age( (                         |*                       ), 0.510,  0.520,  0.530,  0.530,  0.540
    2          0_Age( (                         |*                       ), 0.530,  0.530,  0.540,  0.540,  0.540
    2          1_Age( (                         |*                       ), 0.530,  0.530,  0.540,  0.540,  0.540
    2          2_Age( (                         |*                       ), 0.530,  0.530,  0.540,  0.540,  0.540
    2          3_Age( (                         |*                       ), 0.530,  0.530,  0.540,  0.540,  0.540

-bankmarketing-F1+

    1          0_Age( (*                        |                        ), 0.000,  0.000,  0.000,  0.000,  0.000
    1          1_Age( (*                        |                        ), 0.000,  0.000,  0.000,  0.000,  0.000
    1          2_Age( (*                        |                        ), 0.000,  0.000,  0.000,  0.000,  0.000
    2          3_Age( (*                        |                        ), 0.000,  0.000,  0.000,  0.000,  0.000
    3          4_Age( (       *                 |                        ), 0.150,  0.150,  0.160,  0.170,  0.180

-bankmarketing-FA0-

    1          4_Age( (                         |                  -*    ), 0.900,  0.900,  0.910,  0.910,  0.910
    2          0_Age( (                         |                       *), 1.000,  1.000,  1.000,  1.000,  1.000
    2          1_Age( (                         |                       *), 1.000,  1.000,  1.000,  1.000,  1.000
    2          2_Age( (                         |                       *), 1.000,  1.000,  1.000,  1.000,  1.000
    2          3_Age( (                         |                       *), 1.000,  1.000,  1.000,  1.000,  1.000

-bankmarketing-FA1-

    1          1_Age( (*----                    |                        ), 0.000,  0.000,  0.000,  0.020,  0.110
    1          2_Age( (*                        |                        ), 0.000,  0.000,  0.000,  0.000,  0.020
    1          3_Age( (*                        |                        ), 0.000,  0.000,  0.000,  0.000,  0.000
    2          0_Age( (-*-----------------------|-----                   ), 0.000,  0.000,  0.030,  0.070,  0.640
    3          4_Age( (    -*-                  |                        ), 0.070,  0.090,  0.120,  0.130,  0.150

-bankmarketing-AOD-

    1          4_Age( (                         |             -*         ), 0.790,  0.800,  0.810,  0.820,  0.840
    2          0_Age( (                         |                    ---*), 0.590,  0.930,  1.000,  1.000,  1.000
    3          1_Age( (                         |                       *), 0.900,  1.000,  1.000,  1.000,  1.000
    3          2_Age( (                         |                       *), 1.000,  1.000,  1.000,  1.000,  1.000
    3          3_Age( (                         |                       *), 1.000,  1.000,  1.000,  1.000,  1.000

-bankmarketing-EOD-

    1          4_Age( (                         |             *-         ), 0.760,  0.790,  0.800,  0.820,  0.840
    2          0_Age( (                         |                     --*), 0.560,  0.960,  1.000,  1.000,  1.000
    3          1_Age( (                         |                       *), 0.910,  1.000,  1.000,  1.000,  1.000
    3          2_Age( (                         |                       *), 1.000,  1.000,  1.000,  1.000,  1.000
    3          3_Age( (                         |                       *), 1.000,  1.000,  1.000,  1.000,  1.000

-bankmarketing-SPD-

    1          4_Age( (                         |             -*         ), 0.790,  0.790,  0.810,  0.820,  0.830
    2          0_Age( (                         |                    ---*), 0.590,  0.940,  1.000,  1.000,  1.000
    3          1_Age( (                         |                       *), 0.900,  1.000,  1.000,  1.000,  1.000
    3          2_Age( (                         |                       *), 1.000,  1.000,  1.000,  1.000,  1.000
    3          3_Age( (                         |                       *), 1.000,  1.000,  1.000,  1.000,  1.000

-bankmarketing-DI-

    1          4_Age( (                         |                  *     ), 0.890,  0.890,  0.890,  0.890,  0.890
    2          0_Age( (                         |                       *), 1.000,  1.000,  1.000,  1.000,  1.000
    2          1_Age( (                         |                       *), 1.000,  1.000,  1.000,  1.000,  1.000
    2          2_Age( (                         |                       *), 1.000,  1.000,  1.000,  1.000,  1.000
    2          3_Age( (                         |                       *), 1.000,  1.000,  1.000,  1.000,  1.000
-------------------------------------------------------------------------------------
Processing adultscensusincome:  78%|██████████████████████████████████████████████████████████████████████████▋                     | 7/9 [00:03<00:00,  2.30it/s]
-adultscensusincome-recall+

    1         0_race( (*                        |                        ), 0.000,  0.000,  0.000,  0.000,  0.000
    1         1_race( (*                        |                        ), 0.000,  0.000,  0.000,  0.000,  0.000
    1         2_race( (*                        |                        ), 0.000,  0.000,  0.000,  0.000,  0.000
    2         3_race( (*                        |                        ), 0.000,  0.000,  0.000,  0.000,  0.000
    3         4_race( (    *--                  |                        ), 0.090,  0.100,  0.100,  0.110,  0.160
    1          4_sex( (                         |             -*         ), 0.790,  0.790,  0.810,  0.810,  0.820
    2          0_sex( (                         |                -*      ), 0.850,  0.860,  0.870,  0.890,  0.900
    2          1_sex( (                         |                -*      ), 0.850,  0.860,  0.870,  0.890,  0.900
    2          2_sex( (                         |                -*      ), 0.850,  0.860,  0.870,  0.890,  0.900
    2          3_sex( (                         |                -*      ), 0.850,  0.860,  0.870,  0.890,  0.900

-adultscensusincome-prec+

    1         0_race( (*                        |                        ), 0.000,  0.000,  0.000,  0.000,  0.000
    1         1_race( (*                        |                        ), 0.000,  0.000,  0.000,  0.000,  0.000
    1         2_race( (*                        |                        ), 0.000,  0.000,  0.000,  0.000,  0.000
    2         3_race( (*                        |                        ), 0.000,  0.000,  0.000,  0.000,  0.000
    3         4_race( (       *---              |                        ), 0.140,  0.150,  0.160,  0.190,  0.230
    1          0_sex( (     *                   |                        ), 0.120,  0.120,  0.120,  0.130,  0.140
    1          1_sex( (     *                   |                        ), 0.120,  0.120,  0.120,  0.130,  0.140
    1          2_sex( (     *                   |                        ), 0.120,  0.120,  0.120,  0.130,  0.140
    1          3_sex( (     *                   |                        ), 0.120,  0.120,  0.120,  0.130,  0.140
    1          4_sex( (     *                   |                        ), 0.110,  0.120,  0.120,  0.130,  0.130

-adultscensusincome-acc+

    1         4_race( (                         |            *           ), 0.750,  0.770,  0.770,  0.780,  0.790
    2         0_race( (                         |               *        ), 0.830,  0.840,  0.840,  0.840,  0.850
    2         1_race( (                         |               *        ), 0.830,  0.840,  0.840,  0.840,  0.850
    2         2_race( (                         |               *        ), 0.830,  0.840,  0.840,  0.840,  0.850
    2         3_race( (                         |               *        ), 0.830,  0.840,  0.840,  0.840,  0.850
    1          0_sex( (             *           |                        ), 0.260,  0.270,  0.270,  0.280,  0.290
    1          1_sex( (             *           |                        ), 0.260,  0.270,  0.270,  0.280,  0.290
    1          2_sex( (             *           |                        ), 0.260,  0.270,  0.270,  0.280,  0.290
    2          3_sex( (             *           |                        ), 0.260,  0.270,  0.270,  0.280,  0.290
    3          4_sex( (               *         |                        ), 0.310,  0.310,  0.320,  0.330,  0.330

-adultscensusincome-F1+

    1         0_race( (*                        |                        ), 0.000,  0.000,  0.000,  0.000,  0.000
    1         1_race( (*                        |                        ), 0.000,  0.000,  0.000,  0.000,  0.000
    1         2_race( (*                        |                        ), 0.000,  0.000,  0.000,  0.000,  0.000
    2         3_race( (*                        |                        ), 0.000,  0.000,  0.000,  0.000,  0.000
    3         4_race( (     -*--                |                        ), 0.110,  0.120,  0.130,  0.130,  0.190
    1          0_sex( (          *              |                        ), 0.210,  0.210,  0.210,  0.230,  0.240
    1          1_sex( (          *              |                        ), 0.210,  0.210,  0.210,  0.230,  0.240
    1          2_sex( (          *              |                        ), 0.210,  0.210,  0.210,  0.230,  0.240
    1          3_sex( (          *              |                        ), 0.210,  0.210,  0.210,  0.230,  0.240
    1          4_sex( (          *              |                        ), 0.190,  0.210,  0.210,  0.220,  0.220

-adultscensusincome-FA0-

    1         4_race( (                         |                  *     ), 0.870,  0.890,  0.900,  0.910,  0.910
    2         0_race( (                         |                       *), 1.000,  1.000,  1.000,  1.000,  1.000
    2         1_race( (                         |                       *), 1.000,  1.000,  1.000,  1.000,  1.000
    2         2_race( (                         |                       *), 1.000,  1.000,  1.000,  1.000,  1.000
    2         3_race( (                         |                       *), 1.000,  1.000,  1.000,  1.000,  1.000
    1          0_sex( (     -*                  |                        ), 0.110,  0.120,  0.130,  0.140,  0.150
    1          1_sex( (     -*                  |                        ), 0.110,  0.120,  0.130,  0.140,  0.150
    1          2_sex( (     -*                  |                        ), 0.110,  0.120,  0.130,  0.140,  0.150
    1          3_sex( (     -*                  |                        ), 0.110,  0.120,  0.130,  0.140,  0.150
    2          4_sex( (         *               |                        ), 0.180,  0.190,  0.200,  0.210,  0.220

-adultscensusincome-FA1-

    1         0_race( (*                        |                        ), 0.000,  0.000,  0.000,  0.000,  0.000
    1         1_race( (*                        |                        ), 0.000,  0.000,  0.000,  0.000,  0.000
    1         2_race( (*                        |                        ), 0.000,  0.000,  0.000,  0.000,  0.000
    2         3_race( (*                        |                        ), 0.000,  0.000,  0.000,  0.000,  0.000
    3         4_race( (    *                    |                        ), 0.090,  0.090,  0.100,  0.110,  0.110
    1          0_sex( (   *                     |                        ), 0.080,  0.080,  0.080,  0.090,  0.090
    1          1_sex( (   *                     |                        ), 0.080,  0.080,  0.080,  0.090,  0.090
    1          2_sex( (   *                     |                        ), 0.080,  0.080,  0.080,  0.090,  0.090
    2          3_sex( (   *                     |                        ), 0.080,  0.080,  0.080,  0.090,  0.090
    3          4_sex( (        *                |                        ), 0.160,  0.170,  0.170,  0.180,  0.190

-adultscensusincome-AOD-

    1         4_race( (                         |             *          ), 0.780,  0.800,  0.800,  0.800,  0.800
    2         0_race( (                         |                       *), 1.000,  1.000,  1.000,  1.000,  1.000
    2         1_race( (                         |                       *), 1.000,  1.000,  1.000,  1.000,  1.000
    2         2_race( (                         |                       *), 1.000,  1.000,  1.000,  1.000,  1.000
    2         3_race( (                         |                       *), 1.000,  1.000,  1.000,  1.000,  1.000
    1          4_sex( ( *                       |                        ), 0.030,  0.040,  0.040,  0.040,  0.060
    2          0_sex( (  *                      |                        ), 0.050,  0.060,  0.060,  0.060,  0.070
    2          1_sex( (  *                      |                        ), 0.050,  0.060,  0.060,  0.060,  0.070
    2          2_sex( (  *                      |                        ), 0.050,  0.060,  0.060,  0.060,  0.070
    2          3_sex( (  *                      |                        ), 0.050,  0.060,  0.060,  0.060,  0.070

-adultscensusincome-EOD-

    1         4_race( (                         |             *          ), 0.780,  0.800,  0.800,  0.800,  0.810
    2         0_race( (                         |                       *), 1.000,  1.000,  1.000,  1.000,  1.000
    2         1_race( (                         |                       *), 1.000,  1.000,  1.000,  1.000,  1.000
    2         2_race( (                         |                       *), 1.000,  1.000,  1.000,  1.000,  1.000
    2         3_race( (                         |                       *), 1.000,  1.000,  1.000,  1.000,  1.000
    1          4_sex( (-*                       |                        ), 0.010,  0.020,  0.030,  0.040,  0.050
    2          0_sex( ( -*                      |                        ), 0.030,  0.030,  0.050,  0.060,  0.070
    2          1_sex( ( -*                      |                        ), 0.030,  0.030,  0.050,  0.060,  0.070
    2          2_sex( ( -*                      |                        ), 0.030,  0.030,  0.050,  0.060,  0.070
    2          3_sex( ( -*                      |                        ), 0.030,  0.030,  0.050,  0.060,  0.070

-adultscensusincome-SPD-

    1         4_race( (                         |             *          ), 0.790,  0.790,  0.800,  0.800,  0.810
    2         0_race( (                         |                       *), 1.000,  1.000,  1.000,  1.000,  1.000
    2         1_race( (                         |                       *), 1.000,  1.000,  1.000,  1.000,  1.000
    2         2_race( (                         |                       *), 1.000,  1.000,  1.000,  1.000,  1.000
    2         3_race( (                         |                       *), 1.000,  1.000,  1.000,  1.000,  1.000
    1          4_sex( (  *                      |                        ), 0.050,  0.060,  0.060,  0.060,  0.070
    2          0_sex( (   *                     |                        ), 0.060,  0.070,  0.080,  0.080,  0.080
    2          1_sex( (   *                     |                        ), 0.060,  0.070,  0.080,  0.080,  0.080
    2          2_sex( (   *                     |                        ), 0.060,  0.070,  0.080,  0.080,  0.080
    2          3_sex( (   *                     |                        ), 0.060,  0.070,  0.080,  0.080,  0.080

-adultscensusincome-DI-

    1         4_race( (                         |                 -*     ), 0.870,  0.880,  0.890,  0.890,  0.900
    2         0_race( (                         |                       *), 1.000,  1.000,  1.000,  1.000,  1.000
    2         1_race( (                         |                       *), 1.000,  1.000,  1.000,  1.000,  1.000
    2         2_race( (                         |                       *), 1.000,  1.000,  1.000,  1.000,  1.000
    2         3_race( (                         |                       *), 1.000,  1.000,  1.000,  1.000,  1.000
    1          4_sex( (   *                     |                        ), 0.060,  0.070,  0.070,  0.080,  0.090
    2          0_sex( (   -*                    |                        ), 0.070,  0.080,  0.090,  0.090,  0.090
    2          1_sex( (   -*                    |                        ), 0.070,  0.080,  0.090,  0.090,  0.090
    2          2_sex( (   -*                    |                        ), 0.070,  0.080,  0.090,  0.090,  0.090
    2          3_sex( (   -*                    |                        ), 0.070,  0.080,  0.090,  0.090,  0.090
-------------------------------------------------------------------------------------
Processing defaultcredit:  89%|█████████████████████████████████████████████████████████████████████████████████████████▊           | 8/9 [00:03<00:00,  1.97it/s]
-defaultcredit-recall+

    1          0_SEX( (*                        |                        ), 0.000,  0.000,  0.000,  0.000,  0.000
    1          1_SEX( (*                        |                        ), 0.000,  0.000,  0.000,  0.000,  0.000
    1          2_SEX( (*                        |                        ), 0.000,  0.000,  0.000,  0.000,  0.000
    2          3_SEX( (*                        |                        ), 0.000,  0.000,  0.000,  0.000,  0.000
    3          4_SEX( (    *                    |                        ), 0.090,  0.100,  0.100,  0.100,  0.110

-defaultcredit-prec+

    1          0_SEX( (*                        |                        ), 0.000,  0.000,  0.000,  0.000,  0.000
    1          1_SEX( (*                        |                        ), 0.000,  0.000,  0.000,  0.000,  0.000
    1          2_SEX( (*                        |                        ), 0.000,  0.000,  0.000,  0.000,  0.000
    2          3_SEX( (*                        |                        ), 0.000,  0.000,  0.000,  0.000,  0.000
    3          4_SEX( (         -*              |                        ), 0.190,  0.200,  0.210,  0.210,  0.230

-defaultcredit-acc+

    1          4_SEX( (                         |          *             ), 0.730,  0.730,  0.740,  0.740,  0.740
    2          0_SEX( (                         |             *          ), 0.790,  0.790,  0.790,  0.800,  0.810
    2          1_SEX( (                         |             *          ), 0.790,  0.790,  0.790,  0.800,  0.810
    2          2_SEX( (                         |             *          ), 0.790,  0.790,  0.790,  0.800,  0.810
    2          3_SEX( (                         |             *          ), 0.790,  0.790,  0.790,  0.800,  0.810

-defaultcredit-F1+

    1          0_SEX( (*                        |                        ), 0.000,  0.000,  0.000,  0.000,  0.000
    1          1_SEX( (*                        |                        ), 0.000,  0.000,  0.000,  0.000,  0.000
    1          2_SEX( (*                        |                        ), 0.000,  0.000,  0.000,  0.000,  0.000
    2          3_SEX( (*                        |                        ), 0.000,  0.000,  0.000,  0.000,  0.000
    3          4_SEX( (      *                  |                        ), 0.120,  0.130,  0.140,  0.140,  0.150

-defaultcredit-FA0-

    1          4_SEX( (                         |                  *     ), 0.900,  0.900,  0.900,  0.910,  0.910
    2          0_SEX( (                         |                       *), 1.000,  1.000,  1.000,  1.000,  1.000
    2          1_SEX( (                         |                       *), 1.000,  1.000,  1.000,  1.000,  1.000
    2          2_SEX( (                         |                       *), 1.000,  1.000,  1.000,  1.000,  1.000
    2          3_SEX( (                         |                       *), 1.000,  1.000,  1.000,  1.000,  1.000

-defaultcredit-FA1-

    1          0_SEX( (*                        |                        ), 0.000,  0.000,  0.000,  0.000,  0.000
    1          1_SEX( (*                        |                        ), 0.000,  0.000,  0.000,  0.000,  0.000
    1          2_SEX( (*                        |                        ), 0.000,  0.000,  0.000,  0.000,  0.000
    2          3_SEX( (*                        |                        ), 0.000,  0.000,  0.000,  0.000,  0.000
    3          4_SEX( (    *-                   |                        ), 0.090,  0.090,  0.100,  0.110,  0.130

-defaultcredit-AOD-

    1          4_SEX( (                         |             *          ), 0.800,  0.800,  0.800,  0.800,  0.800
    2          0_SEX( (                         |                       *), 1.000,  1.000,  1.000,  1.000,  1.000
    2          1_SEX( (                         |                       *), 1.000,  1.000,  1.000,  1.000,  1.000
    2          2_SEX( (                         |                       *), 1.000,  1.000,  1.000,  1.000,  1.000
    2          3_SEX( (                         |                       *), 1.000,  1.000,  1.000,  1.000,  1.000

-defaultcredit-EOD-

    1          4_SEX( (                         |             *          ), 0.790,  0.800,  0.800,  0.810,  0.820
    2          0_SEX( (                         |                       *), 1.000,  1.000,  1.000,  1.000,  1.000
    2          1_SEX( (                         |                       *), 1.000,  1.000,  1.000,  1.000,  1.000
    2          2_SEX( (                         |                       *), 1.000,  1.000,  1.000,  1.000,  1.000
    2          3_SEX( (                         |                       *), 1.000,  1.000,  1.000,  1.000,  1.000

-defaultcredit-SPD-

    1          4_SEX( (                         |             *          ), 0.800,  0.800,  0.800,  0.800,  0.800
    2          0_SEX( (                         |                       *), 1.000,  1.000,  1.000,  1.000,  1.000
    2          1_SEX( (                         |                       *), 1.000,  1.000,  1.000,  1.000,  1.000
    2          2_SEX( (                         |                       *), 1.000,  1.000,  1.000,  1.000,  1.000
    2          3_SEX( (                         |                       *), 1.000,  1.000,  1.000,  1.000,  1.000

-defaultcredit-DI-

    1          4_SEX( (                         |                  *     ), 0.890,  0.890,  0.890,  0.890,  0.890
    2          0_SEX( (                         |                       *), 1.000,  1.000,  1.000,  1.000,  1.000
    2          1_SEX( (                         |                       *), 1.000,  1.000,  1.000,  1.000,  1.000
    2          2_SEX( (                         |                       *), 1.000,  1.000,  1.000,  1.000,  1.000
    2          3_SEX( (                         |                       *), 1.000,  1.000,  1.000,  1.000,  1.000
-------------------------------------------------------------------------------------
Processing defaultcredit: 100%|█████████████████████████████████████████████████████████████████████████████████████████████████████| 9/9 [00:03<00:00,  2.26it/s]
laurenalvarez@Laurens-MacBook-Pro lying % 
